iteration,time_sampling,stoc_pol_mean,stoc_pol_std,stoc_pol_max,stoc_pol_min,rollout_success,alpha,delta,time_vpg,time_npg,kl_dist,surr_improvement,running_score,rwd_sparse,rwd_dense,success_percentage,num_samples,time_VF,VF_error_before,VF_error_after,eval_score,eval_success
0,1.7185280323028564,-25.116057492832258,5.578949255583902,15.215780855707465,-28.180931144714066,0.0,2.609363339702006,0.1,0.047786712646484375,0.266507625579834,0.04924979,0.04250568,-25.116057492832258,-0.25761814714033854,-0.2509514804736719,0.0,9600,1.0276403427124023,1.0131704436033317,0.17798824719106515,-19.531625269493816,0.0
1,1.7311758995056152,-10.431732187924844,16.188177022490535,79.54296766028213,-27.83911375645108,0.0,3.135992740464661,0.1,0.006968498229980469,0.28566455841064453,0.06468982,0.034690194,-23.647624962341517,-0.14467248248062156,-0.10425581581395489,0.0,9600,0.6139321327209473,1.2323607423020304,0.42229816244975166,-18.916740677217444,0.0
2,1.5570001602172852,-3.8587672730068703,13.929240286298024,38.77276079226686,-27.73752294314654,0.0,2.973296822470133,0.1,0.007845640182495117,0.28778529167175293,0.06295189,0.03891328,-21.668739193408054,-0.0997493762269747,-0.0384993762269747,0.0,9600,0.6923747062683105,0.5058756570666961,0.4413617321882393,-19.07128326942437,0.0
3,1.775106430053711,8.384169858919735,17.127073429054022,63.14059914744914,-26.226150399277035,0.0,3.2411946277906054,0.1,0.009345769882202148,0.301952600479126,0.055364642,0.03183339,-18.663448288175275,-0.08064484750419297,0.08393848582914037,0.0,9600,0.8903825283050537,0.9604680633580225,0.7307937210403113,-15.069068331660343,0.0
4,1.6015257835388184,17.285700419066217,25.70222395584518,83.8741545353624,-27.043500820356012,0.0,3.3210778591640673,0.1,0.013333559036254883,0.28351616859436035,0.05827084,0.029357623,-15.068533417451125,-0.10085719873016193,0.17164280126983808,0.0,9600,0.8907248973846436,0.6933186552144215,0.5629259264209938,-7.771036034018893,0.0
5,1.7054688930511475,21.85443757503064,27.6866858376741,120.35177019949263,-26.693640229738712,0.0,3.3080667453055623,0.1,0.009559869766235352,0.29857635498046875,0.06366189,0.032294847,-11.376236318202949,-0.08931004242711578,0.2181899575728842,0.0,9600,1.2394638061523438,0.5681881079255482,0.5191150194294585,-7.211654936509931,0.0
6,1.5900940895080566,41.10507787679316,29.837621138111544,164.7763487109413,-23.11678308330418,1.0416666666666667,2.986035960111563,0.1,0.009386539459228516,0.28096652030944824,0.05642144,0.03620629,-6.128104898703337,-0.05974162157558902,0.4106750450910776,1.0416666666666667,9600,1.5699844360351562,0.4841374011800722,0.36959770669515984,-5.780911070362607,0.0
7,1.585397481918335,58.62530619933426,33.45832062038604,120.21013430695191,-26.333779143534557,4.166666666666667,2.7755292596308596,0.1,0.01109004020690918,0.2730731964111328,0.05747816,0.037676524,0.347236211100423,-0.056631684598312526,0.5862849820683542,4.166666666666667,9600,1.6074190139770508,0.31941113113227443,0.24340381273345985,-4.768480624634572,0.0
8,1.7427153587341309,87.68832576108552,39.073968387274775,180.94116333990965,-10.479141791024286,11.458333333333334,2.5814753630714367,0.1,0.028573989868164062,0.26253414154052734,0.059503853,0.043267414,9.081345166098933,-0.046440178112927756,0.875226488553739,11.458333333333334,9600,1.5586624145507812,0.2572519963375593,0.18257512791508387,24.84524857688419,0.0
9,1.6234948635101318,133.84931557611344,41.02903812781678,241.3023595502605,48.65099692653487,37.5,2.567511998128964,0.1,0.022759675979614258,0.26807737350463867,0.057811793,0.041717876,21.558142207100385,-0.03566681721670847,1.3372498494499583,37.5,9600,1.6163458824157715,0.2176543155258342,0.11441978566046068,370.0233363487236,0.0
10,1.6202445030212402,170.56204534991775,43.04191787006688,253.40603146332467,-12.153638733574269,61.458333333333336,2.2199555641278015,0.1,0.008853912353515625,0.2959713935852051,0.060986836,0.04896134,36.458532521382125,-0.031052724681420212,1.7031139419852463,61.458333333333336,9600,1.4992237091064453,0.1384669286327368,0.07757446088008091,390.3301772907059,0.0
11,1.6182692050933838,224.64773447143054,36.1074275943626,313.75718185437125,124.7793027594191,88.54166666666667,2.3580179309072955,0.1,0.009406328201293945,0.29152917861938477,0.06005585,0.045305762,55.277452716386975,-0.02769833675213747,2.244384996581196,88.54166666666667,9600,1.4926340579986572,0.07934341852196315,0.04095819003452161,398.3104015704509,0.0
12,1.5730252265930176,289.75882432697915,43.58984824920096,385.94989488783204,164.8482271566831,98.95833333333333,2.18226660212329,0.1,0.010519266128540039,0.29302263259887695,0.055799432,0.04699662,78.7255898774462,-0.024083560033614893,2.895499773299718,98.95833333333333,9600,1.6018946170806885,0.08396954277995877,0.028973890459284793,590.6525056302954,100.0
13,1.5777573585510254,353.61365447568204,41.25478713636822,466.20529623288274,241.5217622763003,100.0,2.1670858110526776,0.1,0.007057666778564453,0.3033103942871094,0.055811424,0.04622668,106.21439633726979,-0.021375932495917033,3.5327907341707494,100.0,9600,1.64347505569458,0.04955007676973269,0.0196933135693191,754.9284600860993,100.0
14,1.7867984771728516,405.30064956427697,41.95277183493662,490.26642000481183,309.68243595484466,100.0,2.0192002820446193,0.1,0.00928354263305664,0.28914856910705566,0.057544753,0.04953177,136.1230216599705,-0.019505727673483474,4.049244272326517,100.0,9600,1.4941389560699463,0.03420294894207889,0.015371881766122697,759.0895852470426,100.0
15,1.5954055786132812,461.4585774538571,42.048698303248784,566.5156173315236,357.9321402910913,100.0,1.9894739688111869,0.1,0.009421586990356445,0.2946140766143799,0.055877693,0.050008696,168.65657723935917,-0.017510075103842115,4.611239924896157,100.0,9600,1.5054843425750732,0.023799582588799356,0.011344344109844579,763.220032251639,100.0
16,1.7632122039794922,510.33001274726143,33.60899440623261,602.6391256935649,418.18869336675135,100.0,2.2637531466617316,0.1,0.01309347152709961,0.2837085723876953,0.056410816,0.04176151,202.82392079014937,-0.01587791183016183,5.0999554215031715,100.0,9600,1.4304718971252441,0.013098786862657232,0.0059299258153576095,771.217378959678,100.0
17,1.5877630710601807,554.965911107342,31.986559818604853,622.7464124342787,486.400602587516,100.0,2.372529912113153,0.1,0.01124882698059082,0.3050680160522461,0.05650282,0.04070299,238.03811982186863,-0.01451984668767227,5.545896819978995,100.0,9600,1.6151435375213623,0.009676223610923174,0.004772077199365494,775.2446234375307,100.0
18,1.5899193286895752,592.6312843953382,28.049422960222397,654.86331298313,510.4439419888118,100.0,2.1758217629562826,0.1,0.014489889144897461,0.26660776138305664,0.05619248,0.04541779,273.4974362792156,-0.01328703442741877,5.921296298905914,100.0,9600,1.5666167736053467,0.00624299640028405,0.00321719881174079,767.2970986352526,100.0
19,1.591029405593872,625.7721333227215,29.420958517745014,694.9663095485105,530.5104465389444,100.0,2.4421101004686827,0.1,0.012580156326293945,0.29929232597351074,0.056001943,0.04010236,308.7249059835662,-0.012296932844130547,6.251869733822535,100.0,9600,1.5045762062072754,0.005669282956582963,0.0033266523712716964,771.3323163029448,100.0
20,1.6057636737823486,654.6923444266882,25.373419301497766,707.0120201766385,594.6592066731475,100.0,2.476461986535676,0.1,0.009085893630981445,0.2789645195007324,0.04478078,0.032327965,343.32164982787845,-0.011428846629351683,6.541071153370648,100.0,9600,1.468311071395874,0.004203325804089167,0.002058379495232793,771.2900437563538,100.0
21,1.564453363418579,675.6738299442828,21.72852604553948,727.0266090470915,622.8494237568588,100.0,2.3055055206114283,0.1,0.009231090545654297,0.27857089042663574,0.038975015,0.031906117,376.5568678395189,-0.010780462239172423,6.750886204427494,100.0,9600,1.2851355075836182,0.002600541204553927,0.0015955891619325313,779.3656188962293,100.0
22,1.58140230178833,695.1497045550501,21.568712013234776,739.1153378884203,638.8650430188378,100.0,2.165247002773388,0.1,0.009891748428344727,0.29288578033447266,0.031261332,0.027348446,408.41615151107203,-0.010188913212667263,6.945644420120665,100.0,9600,1.5315983295440674,0.0019659019013005033,0.001300288313144575,779.2798893822778,100.0
23,1.7691266536712646,706.0160234946875,18.098793070821248,755.1233457289213,658.8566086374705,100.0,2.471459478324896,0.1,0.008711576461791992,0.2777528762817383,0.026850475,0.022289885,438.1761387094336,-0.009860453370545476,7.0543062132961225,100.0,9600,1.4959867000579834,0.0013533156807864631,0.0011728447289103975,779.3440496400905,100.0
24,1.590857982635498,708.0225942323408,20.13171939861009,743.1127992578581,650.881780606634,100.0,2.511192171021153,0.1,0.010183095932006836,0.22077584266662598,0.018833261,0.015421179,465.1607842617243,-0.009795151156259072,7.073954848843741,100.0,9600,1.6720848083496094,0.0012500966518594015,0.0012971046775360113,779.2737375478949,100.0
25,1.574420690536499,716.4260266293272,18.964128567720117,763.1700818462904,670.9505618052051,100.0,2.772508610664577,0.1,0.009405136108398438,0.2941243648529053,0.02412363,0.01750031,490.2873084984846,-0.009509358701672351,7.157990641298329,100.0,9600,1.41621994972229,0.0013346374763660792,0.0009717213241369957,779.319046873952,100.0
26,1.609271764755249,720.8540257678102,18.358210673467344,759.2009225179485,674.9578730253777,100.0,2.9126932754143042,0.1,0.0100555419921875,0.29961371421813965,0.023828339,0.016343832,513.3439802254172,-0.009396578044260136,7.202270088622407,100.0,9600,1.8773467540740967,0.000980540167523676,0.0009732513022931013,779.3950562104327,100.0
27,1.5765023231506348,720.5122792611502,18.619410680096628,759.1794600858178,678.9505556302911,100.0,2.6952029565997053,0.1,0.010423898696899414,0.26033496856689453,0.031148415,0.02175021,534.0608101289905,-0.009481172491327319,7.198435494175339,100.0,9600,1.5949571132659912,0.0010005275056944158,0.0009643021012557134,779.482704380268,100.0
28,1.6146125793457031,723.4036649013451,18.92923234187214,759.1595766590111,658.96051605755,100.0,2.380450962661438,0.1,0.010703802108764648,0.31123852729797363,0.02566355,0.02001224,552.995095606226,-0.009317401590593659,7.228182598409407,100.0,9600,1.479651689529419,0.0009920578200118381,0.0010053284602317054,779.3514687174116,100.0
29,1.6103322505950928,730.0457161192177,18.55950886345543,767.246410647571,675.028984374145,100.0,2.724934061237365,0.1,0.010938405990600586,0.26156020164489746,0.019102188,0.014427013,570.7001576575251,-0.009148473298089982,7.293768193368575,100.0,9600,1.706712245941162,0.0009413052259935409,0.0009161435014998035,783.3440307650144,100.0
30,1.6737868785858154,732.0115697589835,15.696937419409911,763.1709994422965,690.9289479157527,100.0,2.7633062120360212,0.1,0.01198577880859375,0.28041553497314453,0.017985117,0.01327671,586.831298867671,-0.009073671780227173,7.313426328219772,100.0,9600,1.5654914379119873,0.0007757333603214739,0.0007489116695725489,783.333026220952,100.0
31,1.783233880996704,734.096534299957,17.305172879382912,771.1181131669574,691.0226926061806,100.0,2.8340468097349785,0.1,0.009479284286499023,0.28740906715393066,0.023657782,0.015750129,601.5578224108996,-0.00905505409222207,7.334694945907778,100.0,9600,1.7042405605316162,0.0008946518147963882,0.0008889930794993407,783.3630272982244,100.0
32,1.5766654014587402,735.3122988479003,14.799625015475904,759.2572671741906,686.9396700426269,100.0,2.542639837972667,0.1,0.0071980953216552734,0.29485201835632324,0.01941949,0.014602507,614.9332700545997,-0.008983518520418224,7.346433148146249,100.0,9600,1.723771572113037,0.0006559787173349535,0.0007235110581040656,783.3872281950714,100.0
33,1.6263389587402344,736.0658736117512,16.502086624088683,771.2028458442085,694.9973549712386,100.0,2.5377579507164687,0.1,0.010946512222290039,0.2950303554534912,0.02654439,0.019719753,627.0465304103149,-0.008944974990267092,7.354388358343066,100.0,9600,1.6145596504211426,0.0007605634618012879,0.0006964815896431375,783.442473043799,100.0
34,1.5802433490753174,736.7373765036717,14.800942576005902,767.2073766610971,690.9724748146323,100.0,2.4796339471900315,0.1,0.009253740310668945,0.28002429008483887,0.012741887,0.010882421,638.0156150196506,-0.008897332917330162,7.360686000416003,100.0,9600,1.5377557277679443,0.0006585258294375134,0.0006538741646090405,783.447207086256,100.0
35,1.6408936977386475,738.285018489094,15.148414199097445,771.1820173759097,703.0277864248274,100.0,2.477079494102602,0.1,0.009243488311767578,0.28458523750305176,0.01667835,0.013311297,648.0425553665949,-0.008837188305893253,7.376579478360774,100.0,9600,1.6657357215881348,0.0007422084002721527,0.000789773108477097,783.4221493842346,100.0
36,1.5866742134094238,740.5006051206341,15.67554633734549,779.2422965077792,691.0160852514933,100.0,3.034195298632978,0.1,0.009886980056762695,0.2986311912536621,0.023669953,0.014829943,657.2883603419988,-0.008765839966540392,7.399150826700126,100.0,9600,1.5883841514587402,0.0007160880016947688,0.0006873807149070737,783.4140701672866,100.0
37,1.6165659427642822,741.0487946297503,15.63862273592081,771.2079206852719,699.037126571249,100.0,3.096259944106514,0.1,0.009248018264770508,0.30887913703918457,0.019039745,0.012615701,665.664403770774,-0.008701138459089148,7.403798861540911,100.0,9600,1.7262158393859863,0.0006258629136845011,0.0006047273751612879,783.3983204287149,100.0
38,1.8279037475585938,745.3107967483692,14.677675933884922,775.2056533894809,706.9816596523585,100.0,2.9447877068792514,0.1,0.012159347534179688,0.28765416145324707,0.024694622,0.016352212,673.6290430685335,-0.008579607572022476,7.446420392427977,100.0,9600,1.6290900707244873,0.0006368110189516734,0.0005795048063668765,783.3720796921824,100.0
39,1.603830337524414,745.3508162240054,16.813788744463253,771.247384021996,682.9784202479273,100.0,3.0031242884933085,0.1,0.009497642517089844,0.2591361999511719,0.02571215,0.01605412,680.8012203840807,-0.008596410519708999,7.447236922813626,100.0,9600,1.53609299659729,0.0007004218979562871,0.0006858680217666637,783.3608757361529,100.0
40,1.6218311786651611,747.4420793975436,13.194782262535746,779.2596275302263,715.0353909394196,100.0,3.018719313050306,0.1,0.01109933853149414,0.2940373420715332,0.020284364,0.012895872,687.465306285427,-0.008517555202317976,7.467732444797683,100.0,9600,1.5050413608551025,0.0005141854044887004,0.0005301320465493576,783.3878310880973,100.0
41,1.6221284866333008,744.6379157259204,13.750107189921764,775.2279810940819,703.0186396341938,100.0,2.8372363184159566,0.1,0.013631820678710938,0.28377676010131836,0.02076345,0.0131697785,693.1825672294764,-0.008641010222841824,7.440525656443825,100.0,9600,1.497114658355713,0.0006057913104944428,0.0005316864105149027,783.4080955545453,100.0
42,1.6234867572784424,747.6512355740612,13.963234070589996,775.2497178929692,715.0555401259969,100.0,3.0144059485170525,0.1,0.009312629699707031,0.2594132423400879,0.023708204,0.0134829655,698.6294340639349,-0.008509896570156833,7.469823436763176,100.0,9600,1.6794750690460205,0.0005363085075342502,0.0005251611019413421,783.3593476617561,100.0
43,1.604987621307373,749.3642286276851,12.720057133513405,775.2541935808023,707.0365946588147,100.0,2.955506686928557,0.1,0.009432554244995117,0.27910947799682617,0.026795374,0.018414358,703.70291352031,-0.008464954565111656,7.486951712101554,100.0,9600,1.6202340126037598,0.0004901388668291824,0.0005090364742267636,783.3850520561365,100.0
44,1.6212749481201172,749.0723654272532,12.575625330009995,775.23587987048,715.0722726518661,100.0,2.716040374126381,0.1,0.00927877426147461,0.3005366325378418,0.021170143,0.014784176,708.2398587110042,-0.008464267233314579,7.484452399433352,100.0,9600,1.416189432144165,0.0005318338631613225,0.000519488592244041,783.4347093082473,100.0
45,1.6077539920806885,750.7859022239982,10.595551139455782,775.2543078674679,723.1051553571054,100.0,2.832744799555445,0.1,0.009197711944580078,0.29964542388916016,0.022360515,0.013942646,712.4944630623037,-0.008411076100177214,7.5015889238998215,100.0,9600,1.6752815246582031,0.000368254706395227,0.0003651682710701773,783.4312777600726,100.0
46,1.8442919254302979,749.0752477376465,14.777280246082826,783.2547636695193,702.9605440662931,100.0,2.493422765414269,0.1,0.011965274810791016,0.2820289134979248,0.01900471,0.015153465,716.152541529838,-0.00843424193915407,7.484899091394179,100.0,9600,1.9364440441131592,0.0005563588030385758,0.0005506659509615839,783.412704626807,100.0
47,1.5584027767181396,749.6974639398301,12.589021641999942,775.2521923376738,715.0395418492054,100.0,2.833304596493117,0.1,0.013635873794555664,0.29853153228759766,0.03390774,0.021037364,719.5070337708372,-0.008462939327983263,7.490287060672017,100.0,9600,1.6465692520141602,0.0004670670617781778,0.00046316791621493596,783.4079631660547,100.0
48,1.5833401679992676,753.7580560534515,12.665612734775717,779.2017935755264,719.0511530954425,100.0,3.3976383633565153,0.1,0.00867605209350586,0.28342723846435547,0.03291415,0.019897042,722.9321359990986,-0.008276184127130616,7.531307149206203,100.0,9600,1.809492588043213,0.00046168318476767745,0.0004119396153656678,783.3792514354957,100.0
49,1.6328048706054688,751.7483122900495,13.941346373669964,779.216417042216,707.0226189552942,100.0,2.999717240156517,0.1,0.009429931640625,0.3162209987640381,0.017034037,0.010275861,725.8137536281938,-0.008371426065759325,7.511211907267575,100.0,9600,1.5255510807037354,0.0005041470356048765,0.0005076947536003833,783.3431153887946,100.0
50,1.6124851703643799,751.5437930307088,12.952853275943562,779.2044126542582,715.079392208263,100.0,2.7024787456120927,0.1,0.010802030563354492,0.30696654319763184,0.01993275,0.013867202,728.3867575684453,-0.008333768248914826,7.508749565084418,100.0,9600,1.6674394607543945,0.0004678601926788656,0.0004880367969246324,783.3318733621105,100.0
51,1.5941224098205566,753.1699243430081,13.451873687982863,779.289216615943,715.0956340103903,100.0,3.744873321609754,0.1,0.009347200393676758,0.29065990447998047,0.032773398,0.015999971,730.8650742459016,-0.008322612807435095,7.525427387192565,100.0,9600,1.7854712009429932,0.0004532283621401927,0.0004314076459892243,783.4045641320162,100.0
52,1.6255362033843994,752.4645089200145,12.594519428321467,775.2651395647332,707.0630825786674,100.0,3.508796061984,0.1,0.010117292404174805,0.2638077735900879,0.033111677,0.016143085,733.0250177133129,-0.008292129450409602,7.518374537216257,100.0,9600,1.7177395820617676,0.00042400511009650253,0.00042829741421850586,783.4635444860223,100.0
53,1.713198184967041,750.3768397880818,12.230689001938275,775.208140342336,715.0685877353892,100.0,3.45675702702369,0.1,0.009873628616333008,0.293595552444458,0.03026511,0.016784133,734.7601999207898,-0.008337257102361833,7.497496076230971,100.0,9600,1.7577741146087646,0.00040798536407161794,0.00039769472830344384,783.4165532718002,100.0
54,1.5924503803253174,753.512960815022,12.991437346395582,779.2588256532626,719.0797150199284,100.0,3.0912138736357586,0.1,0.014095306396484375,0.28806328773498535,0.024331003,0.013972756,736.6354760102131,-0.00822470414535474,7.529275295854646,100.0,9600,1.6679253578186035,0.0004714773000848278,0.00040707666431151474,783.424471480703,100.0
55,1.5886430740356445,754.8832601316502,12.062926873924393,775.2354988169396,723.0493937548374,100.0,3.626835264984179,0.1,0.010761260986328125,0.2988407611846924,0.027098605,0.012434921,738.4602544223569,-0.008271805415216025,7.542144861251451,100.0,9600,1.6424970626831055,0.00040860060975892587,0.0004121950273966356,783.4327309159993,100.0
56,1.598341703414917,754.5575006639947,10.277718647606244,775.212986403779,727.1209713338179,100.0,2.9698087888124514,0.1,0.014334917068481445,0.3031935691833496,0.022302948,0.013021653,740.0699790465206,-0.008197286799839132,7.538886046533494,100.0,9600,1.5613112449645996,0.00032950711409069597,0.0003082491031267946,783.4349848012592,100.0
57,1.5832171440124512,754.2659660845593,11.421192144174505,783.2472822475315,715.0882527830969,100.0,2.885963254590072,0.1,0.012568235397338867,0.2838726043701172,0.020706747,0.014947461,741.4895777503245,-0.008196290065822056,7.53638704326751,100.0,9600,1.578411340713501,0.0003764943433836666,0.00038167653418998273,783.4520386242634,100.0
58,1.5931072235107422,755.4304410925934,12.104270980489606,779.2313412236124,719.0862935644537,100.0,2.89917656159586,0.1,0.009675264358520508,0.29563260078430176,0.03558336,0.021343263,742.8836640845515,-0.008216089430410549,7.54803391056959,100.0,9600,1.7547905445098877,0.00038259822625811294,0.0003579110442080138,783.3982696536548,100.0
59,1.621089220046997,753.8828908082279,13.191308955640078,779.2386742904349,707.0858851203268,100.0,2.714727112034161,0.1,0.01150369644165039,0.2804605960845947,0.020059554,0.013814002,743.9835867569192,-0.008276763742498009,7.532139902924169,100.0,9600,1.6588892936706543,0.00046319488634424073,0.0004654471725208474,783.4143106701517,100.0
60,1.5875959396362305,755.9755974054169,10.66919602226326,779.2059794815247,731.1716830410845,100.0,3.008424301593131,0.1,0.009788274765014648,0.30422043800354004,0.026017047,0.015103014,745.1827878217689,-0.008182736889560142,7.553483929777106,100.0,9600,1.7233412265777588,0.00035466264623769075,0.00037865487842791154,783.3888068318122,100.0
61,1.721590280532837,755.4704120177709,11.975862391270228,779.2515976421557,723.0899536344285,100.0,3.0589577198345848,0.1,0.014746427536010742,0.3058195114135742,0.026887106,0.015243058,746.2115502413692,-0.008234205572700144,7.548432461093967,100.0,9600,1.5949954986572266,0.0003842439524604691,0.00035534874469995634,783.3820079967662,100.0
62,1.5908076763153076,757.519615099393,11.528576541213807,775.272680161032,715.0610559195226,100.0,2.9895134943909447,0.1,0.009195566177368164,0.2638542652130127,0.021214329,0.014256107,747.3423567271716,-0.008158509720192516,7.568508156946474,100.0,9600,1.629446268081665,0.000328780913653382,0.0003184405246521116,783.3599315630589,100.0
63,1.6525006294250488,756.2636521795599,10.41398109970892,779.2176055533608,735.0802595768411,100.0,2.758602375724512,0.1,0.00817728042602539,0.28390026092529297,0.029089652,0.019160926,748.2344862724105,-0.008218044742931413,7.555948621923736,100.0,9600,1.656893014907837,0.0003060028311472111,0.00029716186540168423,783.387913673554,100.0
64,1.5791983604431152,758.5244527374111,10.838647627268156,779.2526437859312,727.1292505834404,100.0,2.8435669357256006,0.1,0.010848760604858398,0.312908411026001,0.018959166,0.013226732,749.2634829189105,-0.008110572804628827,7.578972760528704,100.0,9600,1.7275958061218262,0.00033777273178284186,0.0003307581697893133,783.4098866847124,100.0
65,1.6041920185089111,756.7710330407998,11.107534525107406,775.2430526863575,723.0482586579834,100.0,2.842765547947676,0.1,0.01007843017578125,0.2942976951599121,0.023238555,0.013960128,750.0142379310995,-0.008145500508900982,7.561021166157765,100.0,9600,1.6761577129364014,0.00035049509259891273,0.00034604681496137093,783.4089361024359,100.0
66,1.598999261856079,758.1486595806522,10.21128158527,779.2551512845345,731.0622356210487,100.0,2.996679211192134,0.1,0.00924372673034668,0.3144865036010742,0.029855423,0.017184936,750.8276800960548,-0.008119605376873026,7.574797061289794,100.0,9600,1.6373529434204102,0.00031904136426784397,0.0003152975633718369,783.4283267497593,100.0
67,1.6232130527496338,758.9846610196391,10.46448936892366,779.2615408640814,735.1628712722434,100.0,3.393445180960072,0.1,0.009179830551147461,0.3033747673034668,0.02950219,0.01633841,751.6433781884132,-0.008091430081553037,7.5831585699184485,100.0,9600,1.6099879741668701,0.00032089471638495245,0.000318780915926805,783.379528183139,100.0
68,1.7615971565246582,757.1449183583072,11.190211281400646,779.2498136614555,715.0431337930755,100.0,3.0413664250452688,0.1,0.009827852249145508,0.28847670555114746,0.029628083,0.017226147,752.1935322054026,-0.008155341911702038,7.565177991421631,100.0,9600,1.680736780166626,0.00036375354990291565,0.0003523529010063546,783.3777049988494,100.0
69,1.586111068725586,758.106915650129,9.846523840407245,779.2725818929288,727.1285355634088,100.0,3.8313007349416295,0.1,0.009200096130371094,0.3112518787384033,0.026946558,0.01250301,752.7848705498752,-0.008118259455476918,7.5747984072111905,100.0,9600,1.8970234394073486,0.00028894508725178396,0.00028743495470251755,783.3725927072765,100.0
70,1.6613154411315918,760.7792330339466,9.996212101072027,783.2160855035341,735.1453697287923,100.0,4.1384410378515755,0.1,0.01215052604675293,0.29314208030700684,0.03648966,0.014414843,753.5843067982823,-0.008062037670938157,7.601521295662394,100.0,9600,1.376049518585205,0.00027440409105253786,0.00025707493663312635,783.386606667059,100.0
71,1.6258103847503662,759.823315196921,10.896038270121409,779.272438702368,731.0912037114988,100.0,3.276813107278644,0.1,0.008772611618041992,0.3225414752960205,0.033569265,0.019054078,754.2082076381463,-0.008038469171234039,7.591544864162099,100.0,9600,1.7748239040374756,0.00033632589928113643,0.0003404951606718929,783.401269813147,100.0
72,1.5992116928100586,759.7837590098352,11.34204352245591,779.2579543825337,727.1299898365888,100.0,3.495256415374127,0.1,0.009315252304077148,0.26836442947387695,0.019145593,0.010679476,754.7657627753152,-0.008017770154790898,7.591148896511878,100.0,9600,1.8795647621154785,0.0003260345202035895,0.00032054104249721005,783.3901638084699,100.0
73,1.5928645133972168,759.7393472825112,9.955148104322667,783.2848979307486,735.156887029598,100.0,2.867186553374594,0.1,0.011037588119506836,0.307511568069458,0.024308916,0.015313095,755.2631212260349,-0.008043484418902154,7.591123182247766,100.0,9600,1.6460726261138916,0.0002619188235429872,0.0002811217445888496,783.3768615138466,100.0
74,1.6502337455749512,758.7725811465531,11.108046068147164,779.2515338106118,731.1731563319993,100.0,3.0437303498811095,0.1,0.009517192840576172,0.29827189445495605,0.024875889,0.013954288,755.6140672180867,-0.00812909611019146,7.581037570556475,100.0,9600,1.670318603515625,0.0003308374683388989,0.0003117351044830445,783.3959192492689,100.0
75,1.5757660865783691,759.4833881226523,9.384899074792903,779.2288746976643,731.1274300214627,100.0,3.6377039239972997,0.1,0.013565301895141602,0.28801822662353516,0.030976282,0.014439424,756.0009993085432,-0.008104718690567067,7.588145281309434,100.0,9600,1.6243841648101807,0.0002666133483087297,0.0002633097011152923,783.3999627749763,100.0
76,1.777540922164917,760.367967396115,10.386681115392179,783.2903471198474,731.0748794535672,100.0,3.188296635320959,0.1,0.010170459747314453,0.3119974136352539,0.024712406,0.012511085,756.4376961173004,-0.008008803642476194,7.596991196357524,100.0,9600,1.5386598110198975,0.00025911678978124923,0.00028432945535732823,783.3887193813364,100.0
77,1.6198844909667969,761.9096076293372,9.655989031485287,779.2259822669623,735.1073434300114,100.0,2.8132894965920836,0.1,0.009411334991455078,0.2790660858154297,0.028975595,0.01959422,756.9848872685042,-0.00800732154022128,7.6128260117931115,100.0,9600,1.7783372402191162,0.00027476773095628897,0.00023281865690567832,783.3807394339424,100.0
78,1.6208200454711914,760.5709678906156,9.469549742835307,779.228699006697,723.1153068395636,100.0,2.9237223859055517,0.1,0.014796972274780273,0.29573607444763184,0.02705888,0.015357827,757.3434953307153,-0.008061667305796964,7.599438332694203,100.0,9600,1.8003058433532715,0.0002630070049458244,0.0002451715812202299,783.3752003839378,100.0
79,1.5895004272460938,761.742198955801,10.763844572216627,779.2243064581388,727.1477249036814,100.0,3.027312994442547,0.1,0.012795448303222656,0.31147027015686035,0.028901765,0.017943794,757.7833656932239,-0.008017116414113316,7.610732883585887,100.0,9600,1.7218759059906006,0.00029966803232091206,0.00032641885823028597,783.3783936163547,100.0
80,1.6460649967193604,762.7874947410588,9.791828877045559,779.25499585801,735.165543806518,100.0,3.506207568807895,0.1,0.009180307388305664,0.2915928363800049,0.033200104,0.017089892,758.2837785980074,-0.007982073651135322,7.621184593015532,100.0,9600,1.7978346347808838,0.0002595516423802455,0.00024804260751394656,783.3766091319894,100.0
81,1.6921277046203613,759.9875374126368,9.980308908311727,779.2265290902367,727.0719369013378,100.0,3.2406800742719457,0.1,0.009219646453857422,0.26645684242248535,0.03921031,0.02072596,758.4541544794704,-0.008061808069950339,7.594021525263383,100.0,9600,1.4651002883911133,0.0002776971053287823,0.0002562765397264253,783.3812974213154,100.0
82,1.5991041660308838,761.8251490474953,9.64401051124445,779.2458315849151,727.1349776025629,100.0,3.2228655981569525,0.1,0.009594440460205078,0.31235408782958984,0.035283823,0.016043909,758.7912539362728,-0.008020116232364911,7.611979883767635,100.0,9600,1.8109900951385498,0.00025822300197376455,0.00024311336117425306,783.3549741322311,100.0
83,1.6082570552825928,761.6587259079015,9.931422291322727,779.2611427470129,719.0832180952783,100.0,3.2233394288467023,0.1,0.012271881103515625,0.2930009365081787,0.028774465,0.014926925,759.0780011334357,-0.008017639441757872,7.610315693891575,100.0,9600,1.7172002792358398,0.0003104083293728012,0.00032028696213760486,783.3419572616718,100.0
84,1.7870762348175049,762.7890031663525,9.91443186764609,783.2465691111071,723.08382767933,100.0,3.2388340752964133,0.1,0.010633468627929688,0.2833890914916992,0.03363489,0.018630572,759.4491013367274,-0.00796622875113575,7.6212004379155305,100.0,9600,1.9415640830993652,0.00026592702345254525,0.0002695872665840392,783.3759023609225,100.0
85,1.6074542999267578,763.1656724110217,9.796801512724361,783.2249005176151,723.1277735810075,100.0,3.184230797978066,0.1,0.010843276977539062,0.28686094284057617,0.027883863,0.014470337,759.8207584441568,-0.007949225701364205,7.624967440965302,100.0,9600,1.6176862716674805,0.00023948425125437976,0.0002347429613886499,783.3645838816888,100.0
86,1.6457617282867432,760.531277804707,9.834316427670991,783.2522481351356,735.1249813628668,100.0,3.4535439962997954,0.1,0.011935710906982422,0.30826902389526367,0.037544798,0.02058309,759.8918103802118,-0.008042898485200721,7.598623768181466,100.0,9600,1.6728596687316895,0.00030598997290655263,0.0002912206780062082,783.3852313153683,100.0
87,1.608055830001831,761.6631546130233,9.618540024375038,779.2793819848912,731.1695513745416,100.0,3.644589125319231,0.1,0.012363195419311523,0.2764759063720703,0.037361026,0.016445799,760.0689448034931,-0.007973806282936579,7.60994286038373,100.0,9600,1.697275161743164,0.00024122203262910908,0.0002336596645328097,783.4198164835087,100.0
88,1.610414981842041,762.3279198198767,8.563305591072089,779.2561691694162,739.1603139069695,100.0,4.007815677742196,0.1,0.009240865707397461,0.29217076301574707,0.03787317,0.015946314,760.2948423051315,-0.007991704137430446,7.617424962529236,100.0,9600,1.8016750812530518,0.00024311745328013245,0.00025446964304238595,783.3880948688839,100.0
89,1.6273167133331299,762.3343248971687,9.545219825697563,779.2716731874569,731.1385795398883,100.0,3.405896229038587,0.1,0.008596420288085938,0.26989245414733887,0.039511327,0.021096306,760.4987905643352,-0.007928363053433094,7.6166549702799005,100.0,9600,1.6627871990203857,0.00027375816852212754,0.00026724068421437886,783.4022207220299,100.0
90,1.6283609867095947,761.5330037902403,10.146967453057263,783.254019405029,739.1625622280858,100.0,2.9800688342676795,0.1,0.011569976806640625,0.29117274284362793,0.025445405,0.015411572,760.6022118869257,-0.008024680164375039,7.608641986502292,100.0,9600,1.8857662677764893,0.000284068790127595,0.0002712037108122571,783.3895387341586,100.0
91,1.684352159500122,763.2436208953017,9.909234387105062,783.2740484850142,739.1523633045301,100.0,3.2353334901062825,0.1,0.00923299789428711,0.2985270023345947,0.034529928,0.019098168,760.8663527877633,-0.008001928526058482,7.625748071473942,100.0,9600,1.753030776977539,0.0002563919797793622,0.0002596612116069611,783.3573358607389,100.0
92,1.5908162593841553,762.9575731368462,8.714087024734088,783.2490635252118,739.1039761894343,100.0,3.6672420488289004,0.1,0.011053323745727539,0.30361485481262207,0.037644777,0.014462743,761.0754748226716,-0.007945827964057517,7.623304172035943,100.0,9600,1.650242567062378,0.00022880707472067876,0.00021341067764555843,783.3874720609824,100.0
93,1.6180927753448486,763.3323130309251,10.455169468196802,783.2797464120576,723.1286267904836,100.0,3.963266638852408,0.1,0.009333610534667969,0.3024461269378662,0.04236884,0.017151512,761.3011586434969,-0.00794867602755718,7.626634657305776,100.0,9600,1.7961149215698242,0.00025924213708519446,0.00025781743151282013,783.3858130661547,100.0
94,1.598330020904541,762.4065057844626,9.5548276616922,783.2436383805061,735.1707236373258,100.0,3.2454650653711052,0.1,0.009312868118286133,0.3008592128753662,0.035062,0.01879926,761.4116933575935,-0.008039075733059094,7.617377590933607,100.0,9600,1.6042940616607666,0.00022728132896385474,0.0002257135159749617,783.3716970634939,100.0
95,1.6404328346252441,763.290391224646,9.35021703309569,779.2715257294758,735.1008160744775,100.0,3.740365347840388,0.1,0.00978994369506836,0.2632579803466797,0.028790586,0.0129592875,761.5995631442988,-0.007950086581207954,7.626633246752125,100.0,9600,1.7752079963684082,0.0002366263228534487,0.0002387913165028527,783.357754767516,100.0
96,1.6156470775604248,761.5327734666465,10.826444724636529,783.3061379042449,731.04693949925,100.0,3.219852416062616,0.1,0.009279251098632812,0.2764396667480469,0.03273363,0.018063499,761.5928841765335,-0.008028351724096543,7.608638314942571,100.0,9600,1.7665090560913086,0.00031068227838487863,0.000302124044782255,783.3598994918576,100.0
97,1.5835773944854736,761.9118220637594,9.320998443465491,779.1953536548609,743.1455672283777,100.0,3.225826604558118,0.1,0.011980533599853516,0.2860984802246094,0.035637,0.016618334,761.6247779652562,-0.007987172205123683,7.612429494461542,100.0,9600,1.534393072128296,0.0002448156200377857,0.00024216161414637673,783.3246819322151,100.0
98,1.5866847038269043,764.3727572586018,9.181351736841771,783.2835297870266,735.1836472831153,100.0,3.384716174358842,0.1,0.009270191192626953,0.27472543716430664,0.031339522,0.016843928,761.8995758945907,-0.007959481383454745,7.637457185283213,100.0,9600,1.6971704959869385,0.00021841389810265907,0.00020960370770781706,783.3393463567015,100.0
99,1.7872471809387207,763.540113045749,9.627046704816216,779.2645656878851,735.1071416935964,100.0,3.4183495546197666,0.1,0.009832382202148438,0.2839841842651367,0.037547823,0.01736902,762.0636296097066,-0.007953689925451845,7.628712976741215,100.0,9600,1.888638973236084,0.00025833475295482196,0.0002849105316094778,783.3194370972699,100.0
100,1.5918357372283936,764.289645349217,9.549150146537954,783.2867130205211,739.1182584352258,100.0,3.21170607281891,0.1,0.009650468826293945,0.2757530212402344,0.03089578,0.018227257,762.2862311836577,-0.007957349404529399,7.637459317262137,100.0,9600,1.6902740001678467,0.00025481640687193284,0.00023616919202235374,783.3658135336913,100.0
101,1.5793001651763916,764.95868945056,9.00259163738412,783.2880441762496,739.1214284728311,100.0,3.2246186765571343,0.1,0.008657455444335938,0.2955479621887207,0.034485947,0.017784204,762.553477010348,-0.007936729733358051,7.642896603599975,100.0,9600,1.6097731590270996,0.00023640012526496856,0.00023740110380835052,783.3277672888901,100.0
102,1.6307671070098877,761.4963382062466,9.896609094799278,779.261106901545,739.1494729724903,100.0,3.117767740345313,0.1,0.01009821891784668,0.28472399711608887,0.040658563,0.023388064,762.4477631299379,-0.007975775718685631,7.608274224281314,100.0,9600,1.8059287071228027,0.0002852513246916956,0.00030767626856224856,779.3015791383626,100.0
103,1.6044974327087402,764.2070403021222,9.332549187482607,783.2264045475368,743.1618676254272,100.0,3.705147071884868,0.1,0.009239673614501953,0.29304051399230957,0.035541438,0.01560559,762.6236908471565,-0.007950789550440459,7.635382543782893,100.0,9600,1.9140191078186035,0.000332029298242858,0.00021382933010421703,783.3612564598911,100.0
104,1.5874152183532715,764.3333066169794,8.938196263068285,783.2323288584583,735.1521903404683,100.0,3.7369551461335906,0.1,0.009126901626586914,0.2782573699951172,0.036693655,0.01702264,762.7946524241388,-0.007938794208854178,7.63664453912448,100.0,9600,1.6760544776916504,0.00019892966989582328,0.0001975173066456304,783.370069385981,100.0
105,1.6636929512023926,763.1290337096483,8.983479206659396,783.2433116252579,739.1388154091192,100.0,3.08775030620545,0.1,0.009359598159790039,0.2819952964782715,0.03525508,0.017890738,762.8280905526898,-0.007897774660881304,7.624602225339118,100.0,9600,1.5059752464294434,0.00023997545062194798,0.00025622081709670956,783.3712808326396,100.0
106,1.5669877529144287,765.0905557600305,9.526564562682632,783.2546016536414,739.1824200441275,100.0,3.585007273853466,0.1,0.01175689697265625,0.288236141204834,0.031201735,0.013398153,763.0543370734238,-0.00786745747291114,7.644632542527089,100.0,9600,1.6180031299591064,0.0003081731248762765,0.00025713996821377037,783.3967565716345,100.0
107,1.626375675201416,764.5393731915589,10.101806721856939,783.2901990381498,735.1067699372486,100.0,3.65768632283051,0.1,0.009890556335449219,0.3031961917877197,0.03166903,0.015622512,763.2028406852373,-0.007961465943439942,7.638705200723227,100.0,9600,1.5561277866363525,0.00025261979385465637,0.00025125570093165856,783.3882469867267,100.0
108,1.5895090103149414,765.251080593635,8.945680330316875,783.3302937912637,739.126879995585,100.0,3.6263740507402664,0.1,0.011960268020629883,0.27022576332092285,0.036638677,0.018029124,763.407664676077,-0.00792630534340623,7.646240361323261,100.0,9600,1.6774487495422363,0.0002189070603261762,0.00021811467808240025,783.3264193395906,100.0
109,1.647301197052002,766.3789782939815,8.425073450362474,783.2781389315146,743.1605880187825,100.0,3.3259109663567954,0.1,0.009207010269165039,0.30410313606262207,0.03730979,0.019028664,763.7047960378676,-0.007899365084518694,7.657517301582149,100.0,9600,1.6306846141815186,0.00019145347388825924,0.00018967707056652888,783.3489740548832,100.0
110,1.6086194515228271,765.9674406165731,8.272588584849355,779.2781086788202,747.1481371227402,100.0,3.8675248499839303,0.1,0.009224414825439453,0.28157973289489746,0.032429684,0.013094835,763.9310604957382,-0.00784736426645107,7.653402635733549,100.0,9600,1.9196829795837402,0.00019424680058122224,0.00019433591794149968,783.3737049759081,100.0
111,1.6041886806488037,765.9661436563038,8.170799932086235,779.2713566446648,735.1516925668681,100.0,3.3391703295244457,0.1,0.013068914413452148,0.2727031707763672,0.037815645,0.019555612,764.1345688117947,-0.007859676062661731,7.653390323937338,100.0,9600,1.858029842376709,0.00018043286263762652,0.00017807021484405643,783.3754839060038,100.0
112,1.6222374439239502,765.4641658449727,9.88513385067574,783.3004681263611,731.1498434294451,100.0,3.3717726863694306,0.1,0.01098942756652832,0.31962084770202637,0.033035472,0.016070338,764.2675285151125,-0.007880582890338531,7.647952750442994,100.0,9600,1.6193139553070068,0.00023500254959533666,0.00023716180927143684,783.3751280736928,100.0
113,1.7562921047210693,765.8853757160873,9.761503639038715,783.2459521924618,735.1517491448074,100.0,3.4940884089926354,0.1,0.011656045913696289,0.29407477378845215,0.04059878,0.020290775,764.4293132352101,-0.007833740174087014,7.652166259825912,100.0,9600,1.8089263439178467,0.00023532703044608195,0.00022706058241520237,783.3713641428717,100.0
114,1.6307640075683594,763.8828785520818,8.960365721266353,783.2510034692641,739.1796445627185,100.0,3.8756057221000186,0.1,0.009180068969726562,0.28893160820007324,0.041212946,0.019970387,764.3746697668973,-0.007859892135380506,7.6325567745312854,100.0,9600,1.8937745094299316,0.0002376617624726713,0.0002226537957053067,783.429320779337,100.0
115,1.6209452152252197,766.4234196336798,9.43336068179519,783.3000573421954,739.1577913104194,100.0,3.0123746254849135,0.1,0.012935638427734375,0.28727293014526367,0.038172197,0.020607948,764.5795447535756,-0.007872220089430655,7.657544446577236,100.0,9600,1.8214011192321777,0.00024019772810646766,0.00023650131147710254,783.3862436540888,100.0
116,1.6076529026031494,766.8035189287388,9.372692411753464,783.2657708324188,743.1509900757003,100.0,4.717584455705956,0.1,0.011867284774780273,0.26236510276794434,0.038519707,0.013031742,764.801942171092,-0.007819810583519925,7.661346856083147,100.0,9600,1.8884246349334717,0.0002494277861872331,0.0002330531568803567,783.3732294617726,100.0
117,1.6251752376556396,767.3426055746689,7.940050947838978,783.312984890804,743.2035410066952,100.0,3.339678433497422,0.1,0.010237932205200195,0.29839348793029785,0.033054926,0.014428256,765.0560085114497,-0.007845226711594435,7.666738106621739,100.0,9600,2.0018482208251953,0.0001723715983120994,0.0001786484783195979,783.3973289762263,100.0
118,1.6195640563964844,765.4642505662215,9.536908142311917,783.2712138629469,735.1601676546898,100.0,3.844808577684945,0.1,0.009424924850463867,0.28739142417907715,0.043204702,0.019712994,765.0968327169269,-0.007879095944779256,7.647954237388554,100.0,9600,1.788193941116333,0.00022109733702195674,0.00021822728406396808,783.369742235028,100.0
119,1.6078524589538574,764.4291771743011,9.022019624947216,783.2122841206327,739.1611814742154,100.0,3.154227186366426,0.1,0.010507822036743164,0.30910754203796387,0.042756025,0.021889985,765.0300671626643,-0.007813937255980055,7.637602729410687,100.0,9600,1.681546926498413,0.00021352889320919388,0.0002098528419925428,783.3740801321193,100.0
120,1.6980409622192383,767.3421447378364,8.044336799643057,783.2709200921871,747.1674247763174,100.0,4.027198299777941,0.1,0.00941324234008789,0.30684757232666016,0.039649464,0.016280612,765.2612749201814,-0.007850934179773512,7.667149065820226,100.0,9600,1.7085590362548828,0.00018458841043867102,0.00018102897928496027,783.3708273688075,100.0
121,1.7410144805908203,766.8002093010003,9.21150027519637,783.2886655089311,743.1775103479999,100.0,3.170158252680573,0.1,0.010256767272949219,0.3149540424346924,0.04615868,0.026441002,765.4151683582634,-0.007851050877283305,7.662148949122717,100.0,9600,1.8583691120147705,0.00022662580015962987,0.00022383491839917297,783.3723031195275,100.0
122,1.638554334640503,766.9257045822186,8.796878665320216,783.2857326021883,743.1953379475098,100.0,3.7764744432457737,0.1,0.009224653244018555,0.27249932289123535,0.03799987,0.015202948,765.566221980659,-0.007848875288006959,7.66256779137866,100.0,9600,1.6845340728759766,0.00019477525824299888,0.00019335405098420627,783.3451431154953,100.0
123,1.6066977977752686,764.2984110394906,8.672690053082148,783.2584798278718,743.1475103997863,100.0,2.954282436548854,0.1,0.008835554122924805,0.2902669906616211,0.04064434,0.02446915,765.4394408865421,-0.007871797464576518,7.636294869202089,100.0,9600,1.6219677925109863,0.00020695921173763737,0.0002401990739070858,783.3350192169314,100.0
124,1.6097431182861328,767.2189774563602,9.579299455373132,783.2898981744111,727.156117268952,100.0,3.396678254126675,0.1,0.009213447570800781,0.2851905822753906,0.03817611,0.017416919,765.617394543524,-0.007833213350093298,7.66550011998324,100.0,9600,1.821126937866211,0.00021680342686807683,0.0002161246601760365,783.3409256250795,100.0
125,1.6287410259246826,765.0885139124439,9.033878880390299,779.2620109018735,719.1226820759566,100.0,3.6585460422136387,0.1,0.009181976318359375,0.2828800678253174,0.043213855,0.021042552,765.5645064804161,-0.007887187888255098,7.644196145445078,100.0,9600,1.7236356735229492,0.00020420860686724729,0.0002276361397991673,783.37492595693,100.0
126,1.5906875133514404,766.4250061640165,8.316518507163392,783.284799267762,739.1863384147803,100.0,4.23438344264427,0.1,0.009197711944580078,0.29921698570251465,0.03805473,0.018957492,765.6505564487761,-0.007854983957318087,7.657561682709347,100.0,9600,1.7029144763946533,0.00023164552108041758,0.00019583668765885552,783.3754527222387,100.0
127,1.6410853862762451,767.0894216030725,7.122393939568081,779.2588239680117,751.110250212562,100.0,3.3694372640298313,0.1,0.009230375289916992,0.287691593170166,0.04764128,0.023089813,765.7944429642058,-0.007876194204197629,7.664207139129136,100.0,9600,1.4802017211914062,0.00014040543843070363,0.00014285859643122992,783.3918141615954,100.0
128,1.7679142951965332,767.5132688939087,8.932029955055482,783.275263658591,739.1624739805434,100.0,4.333256312560882,0.1,0.009979248046875,0.28667712211608887,0.03718729,0.016797224,765.9663255571761,-0.007805937429282571,7.668860729237385,100.0,9600,1.6927299499511719,0.0002123229938328628,0.00020985684354907805,783.414303747168,100.0
129,1.5892317295074463,767.9817305956158,8.085714630235454,783.2695974555302,743.1854571561449,100.0,4.2540528304739045,0.1,0.009905815124511719,0.295046329498291,0.04306919,0.017800987,766.16786606102,-0.007704035781598509,7.673545964218401,100.0,9600,1.618551254272461,0.00019283011843511096,0.00019378350414159183,783.3380043311989,100.0
130,1.630727767944336,768.643426837431,8.3004955971336,783.2655830736201,747.1955072032562,100.0,3.5587643654438197,0.1,0.0071218013763427734,0.31626129150390625,0.042421665,0.017749814,766.4154221386611,-0.007753673694510128,7.680162992972156,100.0,9600,1.758789300918579,0.00016874281222553942,0.00017317372246257947,783.3823107987212,100.0
131,1.5975732803344727,767.9308840171431,8.265706217127207,783.2501610376173,743.179498594122,100.0,3.450517233020403,0.1,0.010181665420532227,0.2884938716888428,0.039059117,0.019141842,766.5669683265094,-0.007797008956194423,7.672619657710473,100.0,9600,1.9199554920196533,0.00020355472208716848,0.00019354322365327316,783.369580029056,100.0
132,1.583320140838623,768.2288483539957,7.766792161646469,783.2387975552292,743.2039207531496,100.0,3.5854609309094765,0.1,0.011654853820800781,0.3059406280517578,0.040258583,0.018432733,766.733156329258,-0.007732469863807541,7.676434196802859,100.0,9600,1.8721437454223633,0.00014361008753836625,0.00014640255559976244,783.3621512828272,100.0
133,1.629641056060791,766.9331675395483,8.209874809080887,779.299166997078,743.1448212262486,100.0,3.74390708097235,0.1,0.01005697250366211,0.2994515895843506,0.043225024,0.02147567,766.7531574502871,-0.007773283028282979,7.662643383638383,100.0,9600,1.7505884170532227,0.00019740099226781222,0.00019481812898900882,783.3503499350926,100.0
134,1.627976894378662,767.7222751779209,8.16732896572422,783.2527234236965,747.1863006311999,100.0,3.163456541887992,0.1,0.010542869567871094,0.2921898365020752,0.034549292,0.018338244,766.8500692230505,-0.007799669172475606,7.670533664160857,100.0,9600,1.8247449398040771,0.0001793652025401268,0.00017689753861014815,783.360147770251,100.0
135,1.5885021686553955,768.0584360074809,7.040178904297105,783.2686787585168,747.156567579568,100.0,3.5293062841358247,0.1,0.009850740432739258,0.26836204528808594,0.03464844,0.015270112,766.9709059014936,-0.007770401096378853,7.6738962655702885,100.0,9600,1.623206615447998,0.00016715442206270147,0.00016868105874464056,779.3236314704848,100.0
136,1.822570562362671,768.5150514512543,7.332371299647607,783.2558312160844,751.1542616206899,100.0,3.1386218723808272,0.1,0.01203608512878418,0.2618749141693115,0.042203188,0.022714423,767.1253204564697,-0.007787216164184765,7.678879450502483,100.0,9600,1.965907096862793,0.0001632419157589229,0.00015299303234879135,783.3378562884056,100.0
137,1.6297824382781982,766.2974997110405,10.789406480521139,783.271992498718,719.1070580662501,100.0,3.557940249272661,0.1,0.00997018814086914,0.29149556159973145,0.03227669,0.01418045,767.0425383819268,-0.007881795223065126,7.6562848714436,100.0,9600,1.6840119361877441,0.0002674308616727704,0.0002609007244342914,783.3461986824884,100.0
138,1.5889384746551514,766.9313734253789,7.789584805450531,783.2971604765528,739.1666418052068,100.0,3.3388929644837377,0.1,0.009226322174072266,0.2878596782684326,0.045648716,0.023529723,767.0314218862719,-0.007790824822598188,7.6626258418440685,100.0,9600,1.5175251960754395,0.00017513544312035062,0.0001721010186718134,783.339340629106,100.0
139,1.6086699962615967,767.4302991226192,8.590727040646273,783.2777128321152,747.2074696738492,100.0,4.250972436279812,0.1,0.01276397705078125,0.2522726058959961,0.03901842,0.015392358,767.0713096099066,-0.007802245174507734,7.668031088158826,100.0,9600,1.6501190662384033,0.00020288083744841943,0.000219353175499882,783.3658824109136,100.0
140,1.6260766983032227,768.7275593477821,7.9830389647678945,783.2721060505635,731.1152441508212,100.0,3.257349158518694,0.1,0.00940084457397461,0.2891237735748291,0.031484693,0.015871711,767.2369345836942,-0.0077467371271019375,7.680586596206232,100.0,9600,1.794327974319458,0.00021032452013334773,0.00017785254952876463,783.3272034770653,100.0
141,1.5986332893371582,768.3926430654652,8.360923941003707,783.2612856012563,747.1707102328373,100.0,3.0230861114334564,0.1,0.009328365325927734,0.30692434310913086,0.03194577,0.016830718,767.3525054318712,-0.007760309092805629,7.67765635757386,100.0,9600,1.5598680973052979,0.000186059914604947,0.00021507263980774201,783.3413208991919,100.0
142,1.5878233909606934,768.6873629571519,9.039080305377263,783.2547591703546,739.1604738818776,100.0,3.8682168100527705,0.1,0.009414196014404297,0.2563326358795166,0.040405285,0.017459527,767.4859911843993,-0.00772897984667224,7.681021020153327,100.0,9600,1.932044267654419,0.00023890435696358745,0.0002052886440688807,783.3662727721223,100.0
143,1.610365867614746,769.3102241481769,7.340267094652429,783.280425051385,747.1765020434069,100.0,5.265762060621979,0.1,0.009197473526000977,0.2738819122314453,0.0479106,0.019413263,767.6684144807771,-0.0077528557351965515,7.6864138109314695,100.0,9600,1.5110836029052734,0.000177697784275972,0.00017476030602763486,783.3372599999176,100.0
144,1.7589774131774902,768.8117361438148,8.191190274501722,783.2753534078937,751.1958565557994,100.0,4.198883266378409,0.1,0.009427547454833984,0.2796976566314697,0.040315524,0.016230483,767.7827466470809,-0.0077383197484081736,7.68142834691826,100.0,9600,1.6663756370544434,0.00018125894092218905,0.000180396059571915,783.3423327524744,100.0
145,1.5669472217559814,768.307860527184,9.08454173477594,783.288555765254,743.1278120369852,100.0,3.855008001786602,0.1,0.010056734085083008,0.28869152069091797,0.042609002,0.019739551,767.8352580350912,-0.007776930809328127,7.676389735857339,100.0,9600,1.6687116622924805,0.00019874499879479122,0.00019908086415894435,783.3506476441123,100.0
146,1.6033921241760254,767.0124405662154,10.290299620584904,783.2802733863736,739.1352603957824,100.0,3.575662273647497,0.1,0.009526252746582031,0.28846216201782227,0.037660312,0.01302263,767.7529762882037,-0.00781492950873424,7.663435070491265,100.0,9600,1.5948078632354736,0.0002586356209004339,0.0002498972772514306,783.3954719822217,100.0
147,1.624528408050537,768.1407850753714,7.482150401133993,783.2842290874078,747.2050664540297,100.0,3.479446860050809,0.1,0.009781360626220703,0.3176455497741699,0.034704514,0.014151072,767.7917571669205,-0.007779243141558399,7.675137423525108,100.0,9600,1.8213887214660645,0.00015041063924734434,0.00014900889775270847,783.3634289240264,100.0
148,1.6284565925598145,768.687733291843,7.320546058269824,783.266935296197,747.2080052003502,100.0,3.9663235606824485,0.1,0.009184837341308594,0.2762718200683594,0.04269518,0.017510831,767.8813547794127,-0.007728984914357611,7.680187681752308,100.0,9600,1.4876656532287598,0.00014889245426615336,0.00014513768878692175,783.3506075488731,100.0
149,1.6059036254882812,768.1832998887797,8.439254609504667,783.3034005830134,743.1881179824892,100.0,4.07978416718683,0.1,0.01060175895690918,0.2949540615081787,0.036970984,0.019137789,767.9115492903494,-0.007771153802048728,7.675978846197952,100.0,9600,1.5711395740509033,0.00018784731708204342,0.00018546546978610157,783.3624167890031,100.0
150,1.600437879562378,768.2678936317261,7.616326020374533,783.3189799711364,747.2074231988737,100.0,4.091922576488024,0.1,0.009986162185668945,0.29457592964172363,0.043886557,0.01749497,767.9471837244871,-0.0077591671494384624,7.6759908328505615,100.0,9600,1.746185302734375,0.00016626285805153003,0.00016321758949366854,783.3458080967614,100.0
151,1.6800806522369385,769.3164913961364,7.4079560390883135,783.2754805460683,747.2005505853194,100.0,3.5476030781885104,0.1,0.0072023868560791016,0.2801532745361328,0.041414108,0.017855886,768.0841144916521,-0.007691543576397936,7.686475123090269,100.0,9600,1.9155957698822021,0.00014494722078105604,0.00014478589331958386,783.317737334473,100.0
152,1.5930252075195312,769.3980106951711,7.8272743399284455,783.2724347021874,747.1747834648608,100.0,3.826294439574362,0.1,0.009211540222167969,0.28406500816345215,0.039562564,0.018046442,768.215504112004,-0.007708850843751852,7.6872911491562474,100.0,9600,1.730553388595581,0.00015549992415252336,0.00016977188374836963,783.3459620260392,100.0
153,1.569340467453003,769.6070488541915,6.908010989752998,783.2971816882358,751.2052844419176,100.0,4.24270713713835,0.1,0.00903940200805664,0.2905600070953369,0.030746756,0.012558733,768.3546585862227,-0.0077010968520828125,7.689382236481251,100.0,9600,1.5425209999084473,0.00016154353268295492,0.00015101914132904936,783.3350123913899,100.0
154,1.6253795623779297,769.4766014697062,8.220267190750326,783.2493995097371,739.1513807799382,100.0,3.1358208492333457,0.1,0.009265899658203125,0.26349472999572754,0.037244868,0.019804168,768.4668528745711,-0.007756354885982375,7.688076978447351,100.0,9600,1.7784276008605957,0.00017591504855983496,0.00017391402728803625,783.3515835187726,100.0
155,1.5841262340545654,767.894883469227,8.958862832917333,783.3163932354234,743.1669942145018,100.0,3.473046742464022,0.1,0.01110386848449707,0.2979574203491211,0.04338485,0.021956824,768.4096559340367,-0.007740558975445425,7.672259441024555,100.0,9600,1.890998125076294,0.00021103752971879722,0.00020386623337936637,783.3496301903871,100.0
156,1.637596845626831,769.2731706715439,8.285000281521187,783.2884848693086,743.1790375011954,100.0,3.017010672329831,0.1,0.009983062744140625,0.30484938621520996,0.033571947,0.016567836,768.4960074077874,-0.007707406206434296,7.686042593793566,100.0,9600,1.9664387702941895,0.0001527765354699181,0.00014266829588677508,783.3836461513089,100.0
157,1.5737216472625732,768.4400744279592,8.914036242561613,783.2984547971153,735.1187872272234,100.0,3.388887372068209,0.1,0.009190797805786133,0.2878894805908203,0.03568324,0.016232127,768.4904141098046,-0.007704714893243138,7.677711951773424,100.0,9600,1.641742467880249,0.0002035996256272511,0.00021823780595779538,783.3850086169186,100.0
158,1.7000069618225098,769.6855166730202,7.278196015931754,783.2458336163314,751.1951807123885,100.0,3.3846504501089067,0.1,0.009114265441894531,0.28315281867980957,0.0359801,0.017339941,768.6099243661262,-0.007750432543973444,7.69058290078936,100.0,9600,1.9064083099365234,0.00018654253767146398,0.0001572362101184465,783.3159555229379,100.0
159,1.778146743774414,769.3114051316976,7.363495303820532,783.2418829582633,747.1556152521177,100.0,3.8039531947061196,0.1,0.009630441665649414,0.28965258598327637,0.03889654,0.017889677,768.6800724426834,-0.007741830782592384,7.686424835884075,100.0,9600,1.7368621826171875,0.00015420061202242393,0.00015269837697116012,783.3569436667811,100.0
160,1.6848950386047363,768.3961227270819,6.717727680858501,783.2411339708972,747.1693390510723,100.0,3.95660676651663,0.1,0.009228706359863281,0.27308082580566406,0.041130353,0.016769199,768.6516774711232,-0.007725238207758897,7.678108095125574,100.0,9600,1.641132116317749,0.00013926714377289324,0.00013646497501369583,783.3675747521415,100.0
161,1.6137490272521973,770.656234905155,7.299921276022416,783.3026579590565,751.1490177668663,100.0,3.572009920265882,0.1,0.00919198989868164,0.2902543544769287,0.04249816,0.020210277,768.8521332145264,-0.00762611700053389,7.699873882999467,100.0,9600,1.4705705642700195,0.00015239448038767303,0.00013506549735285567,783.3625871481813,100.0
162,1.6394495964050293,769.4003466347791,7.273892119455098,783.2738041883933,751.183284114901,100.0,3.383037614755703,0.1,0.009320259094238281,0.3239414691925049,0.03524302,0.017202845,768.9069545565517,-0.0076859148289494415,7.68731408517105,100.0,9600,1.8224823474884033,0.0001507967588460492,0.000154191896938592,783.3653482531255,100.0
163,1.5964345932006836,769.3562892818696,9.329394246830644,783.2493070113388,727.1528182082867,100.0,3.1880809927687053,0.1,0.009187936782836914,0.2835104465484619,0.02507661,0.013446843,768.9518880290834,-0.007708379227620999,7.68729162077238,100.0,9600,1.923581600189209,0.00021085752038088381,0.00020482299916941313,783.3745184171382,100.0
164,1.6417186260223389,768.389638461222,8.05839059723965,783.276950823117,743.1547816251804,100.0,3.4210244356348753,0.1,0.00929403305053711,0.28945374488830566,0.028535524,0.013440693,768.8956630722972,-0.0077908497665484,7.677625816900118,100.0,9600,1.6410565376281738,0.00018307754395672084,0.00019165234328787689,783.3548633972764,100.0
165,1.633359670639038,770.1461610432667,7.547967518204198,783.2875833237205,751.2102230675143,100.0,4.096911023851951,0.1,0.009653806686401367,0.26174139976501465,0.041510396,0.016185353,769.0207128693942,-0.007726426262589343,7.695190240404077,100.0,9600,1.8142590522766113,0.00020082796456152898,0.00016011316722002288,783.3708249491829,100.0
166,1.6945483684539795,768.6020394267593,7.585418605933188,783.2573460897845,747.2054770359912,100.0,3.9485146926730526,0.1,0.014268875122070312,0.31264257431030273,0.03524146,0.013212338,768.9788455251307,-0.0077529854737046445,7.679330347859629,100.0,9600,1.8352389335632324,0.0001559107524559761,0.00015926379921631738,779.3542063522899,100.0
167,1.764949083328247,769.183497386779,7.24976695538422,783.277245041236,755.1488871190428,100.0,4.037855687884825,0.1,0.00937509536743164,0.3071560859680176,0.042245205,0.017278252,768.9993107112956,-0.0077713443816246315,7.685145322285041,100.0,9600,2.066422700881958,0.00015799226962097762,0.00015198544735453445,783.3134822146993,100.0
168,1.6163949966430664,768.7668710314824,8.087455754676823,783.2599168621847,735.1621397876221,100.0,3.7225559024526653,0.1,0.009336709976196289,0.29399728775024414,0.03351514,0.013359666,768.9760667433143,-0.007768839190663695,7.681397827476004,100.0,9600,1.6779084205627441,0.00018437600543821583,0.00018410723504969672,783.3415535321446,100.0
169,1.5811474323272705,769.1483261757545,7.63435885323865,779.2869216519368,743.1558051815811,100.0,4.037056863430396,0.1,0.010649681091308594,0.2883753776550293,0.031800214,0.012671392,768.9932926865583,-0.0077051582947689394,7.684794841705231,100.0,9600,1.6587917804718018,0.00015936701334702942,0.00016227340546679642,783.3892719953957,100.0
170,1.6090095043182373,770.6498545053637,7.6970009691665755,783.2911839490349,747.1461854358594,100.0,3.3905454364681185,0.1,0.009032249450683594,0.2885434627532959,0.04025212,0.018775586,769.1589488684389,-0.007689717573824542,7.700226949092843,100.0,9600,1.6167197227478027,0.00014815313301248754,0.00014449886479602763,779.3367321357133,100.0
171,1.6411769390106201,769.647763590323,6.657200961943497,783.2606034843606,751.1888776328907,100.0,4.770966960590485,0.1,0.013981342315673828,0.2919783592224121,0.040124036,0.015044071,769.2078303406273,-0.007709396997963334,7.690207269668703,100.0,9600,1.766045093536377,0.0001475363223416158,0.0001434022768028471,783.3604741960645,100.0
172,1.6012918949127197,769.4419983663098,8.199492087285686,783.2432102848375,735.1657355965897,100.0,4.073747461213091,0.1,0.017034530639648438,0.3123605251312256,0.043647867,0.016807677,769.2312471431956,-0.007685452228926841,7.687731214437741,100.0,9600,1.6270954608917236,0.00016316426118342096,0.00016218392593082067,783.3780373426471,100.0
173,1.604997158050537,768.7312065896666,7.528446069964097,783.2695109662137,751.1669279303966,100.0,3.441509524631311,0.1,0.009404659271240234,0.3002510070800781,0.033966202,0.01781644,769.1812430878426,-0.007711894698116618,7.6806214386352165,100.0,9600,1.8691606521606445,0.00015644797893323294,0.00015980072064948863,783.3335214688241,100.0
174,1.6599359512329102,770.6533155870435,7.412193486460284,783.2872027625958,743.1602056253739,100.0,3.495615777567235,0.1,0.009211540222167969,0.29525327682495117,0.041745894,0.020705456,769.3284503377627,-0.007655944806975022,7.699844055193026,100.0,9600,1.9321436882019043,0.0001671072092596261,0.00015118569453800133,783.3800796383962,100.0
175,1.5822298526763916,768.8528218449773,7.667096183769337,783.2769328029821,751.174714872817,100.0,4.242446661607744,0.1,0.011786222457885742,0.28728151321411133,0.032140505,0.011485707,769.280887488484,-0.007744294919892747,7.6818390384134405,100.0,9600,1.8718299865722656,0.0001661379396428066,0.00016441553182610787,783.3546274888919,100.0
176,1.598278522491455,769.316999376666,7.384852569920769,783.2843524399384,743.1626737317279,100.0,3.176816590024478,0.1,0.010633468627929688,0.2932717800140381,0.03295635,0.017324043,769.2844986773023,-0.007686089819423085,7.686480576847244,100.0,9600,1.6764116287231445,0.0001643206699632582,0.00016296050420717427,783.3384071274221,100.0
177,1.626344919204712,769.9365477383368,6.953735560760652,783.2569863491154,755.1910745191182,100.0,3.2771074070928545,0.1,0.011017560958862305,0.3052229881286621,0.03941088,0.019721273,769.3497035834057,-0.007739956190723838,7.6926767104759435,100.0,9600,1.7331480979919434,0.00013298224083521456,0.000131404252119308,775.3436962695076,100.0
178,1.592163324356079,767.2238525115422,7.828912788689296,779.2961347691704,747.1443429090242,100.0,3.7399092703744836,0.1,0.009054899215698242,0.29253482818603516,0.02587752,0.0121403085,769.1371184762194,-0.0077832197000046975,7.665550113633329,100.0,9600,1.523554801940918,0.00020567571202631318,0.0002022755327120199,783.2820853630286,100.0
179,1.5766210556030273,769.0203933394997,8.239104405628064,783.29813903368,747.1796489446226,100.0,3.727289033980518,0.1,0.009153604507446289,0.30075955390930176,0.04318394,0.018868426,769.1254459625475,-0.007735309469616178,7.683514690530384,100.0,9600,1.7751491069793701,0.0002154415121083784,0.00017447085592384604,783.3713124112631,100.0
180,1.5955345630645752,768.6017568797051,7.6508603338445305,783.2755047382881,743.151987347517,100.0,3.329917260372204,0.1,0.009298563003540039,0.2899131774902344,0.04376226,0.021540944,769.0730770542632,-0.007754630258850165,7.679328703074483,100.0,9600,1.6657323837280273,0.00013642428008482727,0.00013961158912518585,783.3693257422291,100.0
181,1.6243798732757568,770.6488752204008,8.183584576459454,783.2807224148415,743.1429348830683,100.0,4.993330138561517,0.1,0.00932765007019043,0.2897939682006836,0.04292422,0.014892211,769.2306568708769,-0.007700033371867011,7.699799966628132,100.0,9600,1.9122748374938965,0.0001888993828962551,0.00016800256207167124,783.3441086897196,100.0
182,1.6471247673034668,769.8985182587876,7.962545722986599,783.2827500780096,743.1698763274969,100.0,3.95563800126396,0.1,0.011888742446899414,0.26772069931030273,0.04215335,0.018775037,769.297443009668,-0.007703891340142742,7.692296108659858,100.0,9600,1.726182460784912,0.00018321269711541317,0.00018484597655805675,783.3529222147467,100.0
183,1.5708715915679932,768.9672290476055,8.620467637319141,783.2650831801914,735.1531320929614,100.0,3.2517449294273892,0.1,0.012814044952392578,0.285797119140625,0.04019614,0.021645801,769.2644216134618,-0.007849050978918519,7.682984282354415,100.0,9600,1.599858283996582,0.00019343985413844422,0.0001826186623028683,783.3374875318636,100.0
184,1.5916776657104492,769.9806367006464,6.186796152222345,783.2153705422609,751.1836967646398,100.0,3.4936764976487034,0.1,0.009235382080078125,0.2970099449157715,0.034056522,0.015763087,769.3360431221803,-0.007716243683906998,7.6931170896494265,100.0,9600,1.7536962032318115,0.00011406745922911897,0.00011637846654338344,783.3151837550689,100.0
185,1.631157398223877,769.4758181973267,7.3818917958617165,783.2570234031386,751.1947172527471,100.0,3.884816908795237,0.1,0.009988546371459961,0.2812328338623047,0.044601794,0.02022419,769.350020629695,-0.007763017313187751,7.688070316020145,100.0,9600,1.8251304626464844,0.00017641564875887092,0.0001634737836278655,783.3470717895368,100.0
186,1.6240689754486084,769.0260038491878,7.692561773765685,783.2670852334008,751.1604710428137,100.0,4.43084586702171,0.1,0.009520769119262695,0.3042454719543457,0.038365588,0.014620927,769.3176189516442,-0.007678070165638336,7.683571929834362,100.0,9600,1.7374792098999023,0.00014971833424948087,0.00015244572181453552,783.3343409634308,100.0
187,1.5980782508850098,768.8530253076137,7.733649353812612,783.3052253905684,747.1833236692228,100.0,3.584031229158168,0.1,0.009154558181762695,0.31598734855651855,0.034885578,0.015151098,769.2711595872412,-0.007741262791725287,7.681842070541607,100.0,9600,1.8479127883911133,0.00015611791859143818,0.00015305827114798592,779.356390417019,100.0
188,1.6129653453826904,769.2316812580475,8.310882047995978,783.3208311484423,743.1821814281495,100.0,3.151699783955037,0.1,0.009932518005371094,0.2734372615814209,0.03398548,0.01733296,769.2672117543218,-0.007705932565113173,7.6856274007682215,100.0,9600,1.964195728302002,0.00018414987306746697,0.00018389287550753348,783.3963691120468,100.0
189,1.5991733074188232,770.1990284633097,7.728442498354276,783.2798536985119,743.1583408967027,100.0,3.9409680541709347,0.1,0.009219169616699219,0.29422569274902344,0.038324635,0.015135631,769.3603934252206,-0.007615943704179187,7.695300722962489,100.0,9600,1.8501911163330078,0.00015609077317086645,0.00015033721413084804,783.360633240011,100.0
190,1.761610507965088,769.1866035954009,7.719418226901284,783.2538759761815,747.1850041637866,100.0,3.8943110576945448,0.1,0.009446382522583008,0.3195021152496338,0.037028357,0.016426312,769.3430144422388,-0.007740011482256556,7.68517665518441,100.0,9600,1.452298641204834,0.0001522196462423371,0.000148201420878303,779.3911519222645,100.0
191,1.6202812194824219,769.818478602574,7.518291030401091,783.269515607931,747.2347302090814,100.0,3.392075980498415,0.1,0.01045680046081543,0.2861952781677246,0.03193368,0.013820009,769.3905608582724,-0.007670371030700804,7.691912962302632,100.0,9600,1.9249377250671387,0.0001293392996552536,0.0001291356942847619,783.3855286419318,100.0
192,1.5774071216583252,769.9025814396776,7.860696292863054,783.2838376597862,747.1847769972013,100.0,4.151446672285779,0.1,0.013471603393554688,0.2982661724090576,0.04290925,0.019615503,769.4417629164129,-0.007662961219192261,7.6927537054474735,100.0,9600,1.9635140895843506,0.00017299610848906468,0.00017444848416789375,783.3514863030881,100.0
193,1.584557056427002,770.6965909905199,7.863133046618196,783.2678628937174,747.1565071509675,100.0,3.9974880654329525,0.1,0.012221813201904297,0.2932274341583252,0.042727206,0.016659718,769.5672457238236,-0.007640517879064216,7.700276148787602,100.0,9600,1.720930576324463,0.00014461488256478568,0.0001493409735446221,783.3715239824435,100.0
194,1.6297998428344727,772.5330926426168,6.606483330206347,783.2549202973977,751.2080946826148,100.0,4.696916716004436,0.1,0.009182929992675781,0.25673389434814453,0.044340514,0.015964808,769.863830415703,-0.007607045866857449,7.718642954133142,100.0,9600,1.5494904518127441,0.00014454304773547862,0.00011604535450350173,783.3323539259638,100.0
195,1.5644636154174805,769.6468828175484,7.772780914341154,783.2466372501655,747.1669315719339,100.0,3.471542520176507,0.1,0.010804176330566406,0.2953634262084961,0.042988904,0.019835424,769.8421356558875,-0.007719034349723872,7.689780965650276,100.0,9600,1.5276901721954346,0.00017833765967901057,0.00015893234710228762,783.3371072822496,100.0
196,1.5726373195648193,770.7798177938733,7.24618653742337,783.3147032845798,747.1520015275183,100.0,5.322012000133349,0.1,0.011005401611328125,0.3004312515258789,0.043785278,0.015217942,769.9359038696861,-0.007640214622252944,7.701109785377746,100.0,9600,1.6688075065612793,0.00016279294799876232,0.00015493620862022387,783.3469162339151,100.0
197,1.77586030960083,770.3981898998214,6.966427300413391,783.284201654651,747.1411862405254,100.0,4.449164925450676,0.1,0.01005864143371582,0.2963571548461914,0.04452902,0.016990332,769.9821324726996,-0.007707801048653933,7.697292198951345,100.0,9600,1.7825989723205566,0.00014924956337649875,0.00015322511435051514,779.3567594505237,100.0
198,1.6183967590332031,771.6533349301466,6.29338510172496,783.2756240429584,751.2152530253054,100.0,4.474204946475087,0.1,0.009276866912841797,0.28669238090515137,0.04330887,0.017848335,770.1492527184444,-0.007655325251878488,7.709844674748122,100.0,9600,1.6651852130889893,0.00013356196428114295,0.00010638856021635861,783.3722175541051,100.0
199,1.595201015472412,770.2738006672135,7.986394436743114,783.3020850762317,747.1953475523736,100.0,4.399111376859556,0.1,0.008591651916503906,0.27382445335388184,0.04079691,0.015717097,770.1617075133213,-0.007700270439331511,7.696466396227335,100.0,9600,1.7074100971221924,0.00017229222213740637,0.00017582717687903676,779.3937755100711,100.0
200,1.5909814834594727,769.1519515662281,6.993787010545819,783.2843958757502,755.181507649731,100.0,4.078382478839175,0.1,0.008419990539550781,0.3029606342315674,0.03815764,0.0173521,770.060731918612,-0.007670799001409428,7.68482920099859,100.0,9600,1.5304105281829834,0.0001522303107276645,0.00013881016053801453,783.4092297917944,100.0
201,1.5769834518432617,769.3598622894078,8.200620407745093,783.3028259197548,743.2122846470456,100.0,4.097807435643043,0.1,0.010776996612548828,0.28755688667297363,0.04004689,0.015483118,769.9906449556916,-0.0076731454150087116,7.687326854584991,100.0,9600,1.8145556449890137,0.00017472925511142207,0.00017340426476331692,783.4111531480462,100.0
202,1.5840518474578857,770.3660375506861,7.592433539996037,783.2828261056471,743.2163021100697,100.0,4.170524369713648,0.1,0.010481119155883789,0.28417420387268066,0.048205473,0.020747166,770.0281842151911,-0.0076114316370810035,7.696971901696254,100.0,9600,1.862288236618042,0.00013464631504788148,0.00013411319546929705,783.3852778535163,100.0
203,1.5891644954681396,770.1097075835729,7.970394448898952,783.3042187685854,747.1434710409503,100.0,3.444545928790738,0.1,0.009109973907470703,0.2806873321533203,0.03263138,0.01835325,770.0363365520293,-0.007675394277893074,7.6944079390554405,100.0,9600,1.8379104137420654,0.00017462224700200553,0.00016965467890740356,783.3236708808018,100.0
204,1.7540550231933594,771.1559468094243,6.594572511080885,783.2480083422774,755.1957239416623,100.0,3.334100286148587,0.1,0.01239013671875,0.27526330947875977,0.034051538,0.016651273,770.1482975777689,-0.007630220138581611,7.7048697798614185,100.0,9600,1.508495569229126,0.00012080076575993286,0.00010978316717278483,783.3274238786244,100.0
205,1.6087062358856201,770.0214748922239,8.246067010540061,783.2602883493687,727.1183854618055,100.0,3.8144407697309775,0.1,0.009878873825073242,0.2904205322265625,0.043506626,0.018012322,770.1356153092144,-0.00772411430449255,7.693525885695507,100.0,9600,1.6104662418365479,0.00014345708747082514,0.00014981789195003776,783.320216379323,100.0
206,1.664686918258667,769.9019574121772,7.904896522921346,783.2960479254667,747.2067495666712,100.0,3.6079776687802356,0.1,0.011996984481811523,0.2834055423736572,0.031832688,0.013865146,770.1122495195107,-0.007669680586725455,7.692330319413274,100.0,9600,1.530601978302002,0.00018346189659208502,0.0001678131259731409,783.3676797579751,100.0
207,1.6043174266815186,769.6530045713083,6.5816946493854855,783.2699918820786,755.1828890308532,100.0,3.6359484776026254,0.1,0.010323047637939453,0.26868152618408203,0.03759197,0.017459013,770.0663250246905,-0.007659185554399793,7.6898408144456,100.0,9600,1.6440918445587158,0.0001253375135579697,0.00012249743709723637,783.3138521501472,100.0
208,1.5996582508087158,770.990675224708,7.181194802105291,783.3013059037326,747.1417710079861,100.0,3.9026196191515785,0.1,0.012327194213867188,0.2803349494934082,0.041138433,0.017643934,770.1587600446923,-0.007615288654448104,7.703218044678884,100.0,9600,1.7361564636230469,0.0001391758797344961,0.00013848721376610211,783.3603210097084,100.0
209,1.594590663909912,769.946973001156,7.752265499845048,783.2853312554194,747.187257290683,100.0,3.059965473883338,0.1,0.01024627685546875,0.2889235019683838,0.030462652,0.014837588,770.1375813403387,-0.007637254685873641,7.692779411980794,100.0,9600,1.4678101539611816,0.00017102898695744732,0.0001719377777643482,783.3645686473714,100.0
210,1.5894110202789307,771.3661287215928,6.350282208629937,783.2866401685255,755.2412330113068,100.0,3.921661926780946,0.1,0.009150028228759766,0.2853865623474121,0.04036686,0.018805107,770.2604360784641,-0.007610390086175914,7.706972943247158,100.0,9600,1.7556114196777344,0.00013019804064762463,0.00012104527025125045,783.3946772860643,100.0
211,1.607600450515747,770.4914757002856,7.4905375974335255,783.3349004739365,751.2153660817672,100.0,3.348429112551857,0.1,0.008057117462158203,0.3099088668823242,0.036034238,0.018764427,770.2835400406462,-0.007604903215286248,7.6986450967847135,100.0,9600,1.7243103981018066,0.0001506274009607621,0.0001639417517015573,783.3493944135828,100.0
212,1.6418325901031494,771.1112929121012,7.445291679614639,783.2903671750997,747.1924879396174,100.0,3.465609464903525,0.1,0.009140968322753906,0.2913839817047119,0.04607168,0.022146009,770.3663153277918,-0.007658502729544957,7.704424830603789,100.0,9600,1.8418288230895996,0.0001641362614157005,0.0001390082698573991,783.3614065285441,100.0
213,1.5765085220336914,769.6935833302215,7.819130254742191,783.3209442433549,735.1342010351406,100.0,3.5966196423394607,0.1,0.010226726531982422,0.2944600582122803,0.039868392,0.017876444,770.2990421280347,-0.007669352310838362,7.690663981022496,100.0,9600,1.8785433769226074,0.00021450699729538267,0.0001952772068946602,783.357299491561,100.0
214,1.621260166168213,770.9025215525426,7.080255385875319,783.2853736793494,751.1498300214666,100.0,4.311903696112071,0.1,0.009278535842895508,0.2619438171386719,0.040511902,0.01757124,770.3593900704855,-0.007664157790963261,7.702335842209037,100.0,9600,1.9104619026184082,0.00015496635336091194,0.00013839300533399833,783.3560913188704,100.0
215,1.5975399017333984,769.7355995359345,7.459756216293497,783.2678238050773,743.1764831799543,100.0,3.3649351074700857,0.1,0.009185552597045898,0.302379846572876,0.035442222,0.016523583,770.2970110170304,-0.007666448103696259,7.6906668852296365,100.0,9600,1.946281909942627,0.00015664713956163972,0.00015333405610422918,783.3338953470401,100.0
216,1.5779078006744385,770.1558647352057,8.393347471252259,783.3075071828904,751.1651788210311,100.0,3.7080304987618455,0.1,0.009664058685302734,0.2589590549468994,0.043474857,0.019943165,770.2828963888479,-0.007630111687642711,7.694869888312358,100.0,9600,1.843332290649414,0.00018691443173743445,0.0001733562387218762,783.3382012449734,100.0
217,1.598330020904541,771.7860861989416,6.483955741363673,783.289382066013,755.2173704266905,100.0,4.473209087170431,0.1,0.009347200393676758,0.2876269817352295,0.047665607,0.021444563,770.4332153698573,-0.007577617696147072,7.711172382303853,100.0,9600,1.891552448272705,0.0001279429445558,0.00012404174436875603,783.3316131076364,100.0
218,1.5897531509399414,771.1584953424407,8.496319098010485,783.2801485638458,743.1750486615093,100.0,3.369995847125447,0.1,0.00989532470703125,0.28696250915527344,0.042447988,0.019939637,770.5057433671157,-0.007605181603132049,7.704894818396869,100.0,9600,1.8731698989868164,0.0001780742499605851,0.00017890377699767554,783.3231611269125,100.0
219,1.6222949028015137,771.6570817260882,7.3588475301155425,783.3034341135226,739.1491130861256,100.0,3.5586967865100783,0.1,0.01012277603149414,0.28554368019104004,0.039468527,0.017280247,770.6208772030129,-0.007618414557053946,7.709881585442946,100.0,9600,1.8319690227508545,0.00013427610977633157,0.00013401760782843293,783.3379906465572,100.0
220,1.6205217838287354,773.1582351916719,6.337298314298167,783.3094179873065,755.1930832352832,100.0,4.40122467399137,0.1,0.011999368667602539,0.30835628509521484,0.0492288,0.021526515,770.8746130018789,-0.0076066853931225295,7.724893314606878,100.0,9600,1.9690303802490234,0.00012532482427596086,0.00010959779760451294,783.3275658065053,100.0
221,1.6213738918304443,770.9868406176705,6.4662257558283285,783.2853636503403,751.2462321019608,100.0,3.907641691227347,0.1,0.009589433670043945,0.2980844974517822,0.044660296,0.018783346,770.885835763458,-0.007654480575740773,7.703178852757593,100.0,9600,1.774867296218872,0.0001490725077044142,0.0001313634401124474,783.3289738384734,100.0
222,1.6244256496429443,771.6136050979973,8.243452667128357,783.2982292551325,751.1951721067328,100.0,3.7102035270146763,0.1,0.00929403305053711,0.27785444259643555,0.04121996,0.018042473,770.9586126969119,-0.007636431816318645,7.709446901517015,100.0,9600,1.8102021217346191,0.00017600102750633424,0.00018059503799860738,783.3371968258778,100.0
223,1.6115808486938477,771.820410126103,7.411644869458811,783.2759957689248,739.1332320328164,100.0,4.364648193472936,0.1,0.009487628936767578,0.2884678840637207,0.042367738,0.017470937,771.044792439831,-0.0076506416699616,7.711932691663371,100.0,9600,1.7546124458312988,0.0001239261793944702,0.00011670462369729101,783.3471005813561,100.0
224,1.6305935382843018,770.941267029211,7.655196453135721,783.2698630785263,747.1967104446195,100.0,3.888401598192122,0.1,0.011775493621826172,0.27877354621887207,0.042019293,0.01822909,771.034439898769,-0.0076934621701671285,7.7027232044965,100.0,9600,1.7698495388031006,0.00017090139474717453,0.0001603019110453442,783.3434862830039,100.0
225,1.5859425067901611,772.4118751799442,7.521928212931746,783.3040325327951,751.1932379282998,100.0,3.3590102710226106,0.1,0.010696887969970703,0.3121459484100342,0.038324006,0.016493294,771.1721834268867,-0.007569803210855213,7.717430196789145,100.0,9600,1.8086440563201904,0.0001358653831096861,0.00013692449871076777,783.3365371707104,100.0
226,1.5803098678588867,771.2369195323458,6.991402568729828,783.2798138756754,743.1796923285809,100.0,3.7323639316349437,0.1,0.00928497314453125,0.2824282646179199,0.042971037,0.018975778,771.1786570374327,-0.007652528406247837,7.706097471593753,100.0,9600,1.795119285583496,0.0001400520870376956,0.00013146410472972972,783.3411339986471,100.0
227,1.6752090454101562,772.1958606567702,6.9635518730692585,783.2870805829547,751.186417881227,100.0,4.20186761832073,0.1,0.009306192398071289,0.30858516693115234,0.04221302,0.015956553,771.2803773993664,-0.007646499456178388,7.715270167210488,100.0,9600,1.695781946182251,0.0001254679306476826,0.00012341580220027478,783.3437306017797,100.0
228,1.6017091274261475,771.4897544971749,7.498615564488345,783.3120377665847,747.1873843292883,100.0,3.853451376213999,0.1,0.009328365325927734,0.29300856590270996,0.04324632,0.019540686,771.3013151091473,-0.007623767019229104,7.70862623298077,100.0,9600,1.9465687274932861,0.00014642082212921667,0.00014674151651664365,783.327183242687,100.0
229,1.5972912311553955,769.9891143141649,6.731207276114857,783.3079558005319,755.1705236573284,100.0,3.503652834496073,0.1,0.011228799819946289,0.28316402435302734,0.044092342,0.021886114,771.170095029649,-0.0076311907147449945,7.693202142618588,100.0,9600,1.6913440227508545,0.0001351308897288858,0.00013213509340683074,783.3401236606649,100.0
230,1.6362407207489014,772.1584293749926,6.609913350416546,783.2635935736527,751.1593006870214,100.0,3.5818418384223456,0.1,0.009382963180541992,0.3061239719390869,0.039380368,0.01664293,771.2689284641834,-0.007605261876437292,7.714894738123564,100.0,9600,1.8169341087341309,0.00015501421986541686,0.00013725475127871652,783.3294990468431,100.0
231,1.6050498485565186,773.0798381085115,6.966621051651724,783.3046278257301,751.1692441987125,100.0,4.026543485527927,0.1,0.010001897811889648,0.27684521675109863,0.045912497,0.019391378,771.4500194286163,-0.007558060750546759,7.724108605916119,100.0,9600,1.6722614765167236,0.00012618884322861045,0.0001232326717340113,779.3287525160833,100.0
232,1.642146110534668,770.818357273406,6.05497222159042,783.2808171331462,755.1905580612204,100.0,3.3005353305383354,0.1,0.017915725708007812,0.3051450252532959,0.04294521,0.020771192,771.3868532130953,-0.007671798437200977,7.701494868229466,100.0,9600,1.7409083843231201,0.0001005944905355627,0.00010385578044861669,779.3281601834772,100.0
233,1.6511321067810059,772.5750326021134,6.387297946864763,783.3092006115202,755.1771990865348,100.0,4.099043067853059,0.1,0.009385824203491211,0.2559773921966553,0.043805655,0.020201212,771.5056711519971,-0.007603385159580071,7.719063281507086,100.0,9600,1.9528813362121582,0.00014523330087493235,0.00012942655267933882,783.3883817082325,100.0
234,1.6874895095825195,771.9119213521335,6.8661963630730565,783.2777798571432,751.1854484006832,100.0,3.7378865863142474,0.1,0.009391546249389648,0.2924182415008545,0.032743637,0.014930145,771.5462961720108,-0.007569023686802903,7.712430976313198,100.0,9600,1.9876019954681396,0.00012865471327840408,0.00012950292470371853,783.357033357719,100.0
235,1.7693145275115967,771.5315212257448,8.106578452143069,783.2941059682432,743.1483209233994,100.0,4.363810761070361,0.1,0.010890007019042969,0.30887436866760254,0.04464071,0.017637981,771.5448186773842,-0.007623093988927329,7.709043572677739,100.0,9600,1.6787149906158447,0.00016553820166492425,0.00017683759869316557,783.3174472996843,100.0
236,1.5967516899108887,771.5312657307092,6.5295240034354265,783.3012736803372,755.1842837975652,100.0,3.559581913736245,0.1,0.009197473526000977,0.2805914878845215,0.044083405,0.022413433,771.5434633827168,-0.007625171906948382,7.709041494759718,100.0,9600,1.8314669132232666,0.00014062247686461046,0.00012626075530686455,783.3278539122543,100.0
237,1.5961518287658691,771.2406886417039,8.696974938832717,783.2867291001303,739.1741551149427,100.0,3.6597467652404516,0.1,0.009345293045043945,0.2954559326171875,0.04576216,0.020365676,771.5131859086155,-0.007614356458331001,7.706135643541669,100.0,9600,1.7739317417144775,0.00021254628255326842,0.00018946445714867132,783.3353904113845,100.0
238,1.8106391429901123,772.1213850192808,6.950154298222926,783.3053307123835,755.2660932058312,100.0,3.8577938876862357,0.1,0.009880542755126953,0.2932708263397217,0.04278947,0.018944854,771.574005819682,-0.007558897473791547,7.7149411025262085,100.0,9600,1.8139262199401855,0.00013986099343401849,0.00013154936571209666,783.3237551762674,100.0
239,1.6155602931976318,771.0756941956214,6.774751769416126,783.2955276053369,751.1597322720896,100.0,3.501462646452903,0.1,0.009120702743530273,0.29593849182128906,0.03868453,0.017597523,771.524174657276,-0.007598165835497263,7.70406850083117,100.0,9600,1.5867257118225098,0.00012897519701441566,0.00012643263528305787,783.341276175507,100.0
240,1.587066888809204,772.3289329887979,6.19046979208554,783.2977248703598,755.1839188388002,100.0,4.676456342173311,0.1,0.009133100509643555,0.2919745445251465,0.046926793,0.017203389,771.6046504904282,-0.007564891414037521,7.716601775252628,100.0,9600,1.8457295894622803,0.00011455633502802128,0.00012228920042652199,783.3304017616922,100.0
241,1.598146677017212,772.3263449545148,6.8837397692979865,783.2938931152305,747.2021007409352,100.0,3.8663584126464476,0.1,0.011811256408691406,0.28626585006713867,0.041441053,0.019590743,771.6768199368369,-0.007591328551915954,7.716575338114751,100.0,9600,1.7293612957000732,0.00014398498276141825,0.00014524447433530616,783.326950273637,100.0
242,1.727846384048462,772.2434857990492,7.040141884854385,783.2943355283152,747.1459608390583,100.0,3.860062784968291,0.1,0.009243249893188477,0.2711942195892334,0.04378639,0.020110495,771.7334865230581,-0.007587409744252006,7.71574592358908,100.0,9600,1.9213175773620605,0.0001502194137551819,0.00013680161974693753,783.3627017694023,100.0
243,1.7792706489562988,771.7854786638181,7.731361942386571,783.2830530384897,747.1946845857977,100.0,3.816116576317726,0.1,0.012510061264038086,0.2801189422607422,0.04257171,0.017799532,771.7386857371341,-0.007583000775588559,7.711583665891079,100.0,9600,2.1532950401306152,0.00015955753253313622,0.00016068811358804154,783.3642869082629,100.0
244,1.604811668395996,772.2021622845477,6.516311617079636,783.2940962654882,751.2269919568142,100.0,3.500373685033929,0.1,0.00927734375,0.28374314308166504,0.046185978,0.021874122,771.7850333918755,-0.007584742839183618,7.715331923827482,100.0,9600,1.5218162536621094,0.00010807178176906233,0.00011313395713224922,779.3107389165394,100.0
245,1.5957815647125244,772.9503927619062,7.560966387363545,783.2922624940186,747.2157935314484,100.0,3.3909037760925025,0.1,0.009171009063720703,0.2860088348388672,0.039084382,0.016871,771.9015693288786,-0.007602221761570359,7.722814444905097,100.0,9600,1.9824998378753662,0.00013568938091984095,0.00013378730100005223,783.3079854238407,100.0
246,1.5769925117492676,773.1637084201702,6.725486945648712,783.299753565839,755.2014197368512,100.0,3.7077379248811666,0.1,0.00927734375,0.2702775001525879,0.04054173,0.017181134,772.0277832380078,-0.007551708939332376,7.7249482910606675,100.0,9600,1.9005138874053955,0.00012260790625633343,0.00012085908292768673,783.3210793520713,100.0
247,1.607482671737671,772.2012683676662,7.693600111376478,783.2947707448952,751.1933144983999,100.0,3.625165600413418,0.1,0.009455204010009766,0.28020358085632324,0.04236387,0.020171432,772.0451317509737,-0.007593477511047585,7.71532318915562,100.0,9600,1.8348627090454102,0.00014858876377982927,0.00015541577462225577,783.3450894705325,100.0
248,1.6238572597503662,772.6250814224148,6.697843391765409,783.2915509474605,747.1670779455417,100.0,3.466651936377705,0.1,0.008197307586669922,0.27599048614501953,0.04391922,0.02180094,772.1031267181179,-0.007520956836645787,7.719562376496687,100.0,9600,1.8515944480895996,0.00011968973119980978,0.00011282836208243065,783.3537220691456,100.0
249,1.5824730396270752,772.6226782167984,6.891220304224454,783.3155447834371,751.1993348369663,100.0,4.6970330058742045,0.1,0.009238004684448242,0.2939279079437256,0.048623245,0.018863175,772.155081867986,-0.007544327623608352,7.719539005709724,100.0,9600,1.7322936058044434,0.00012850975730597112,0.00013092199745899253,783.312842971227,100.0
250,1.682149887084961,771.4992642939229,6.5706446136674845,783.3026541983423,751.1996308045965,100.0,4.091558115925824,0.1,0.009209394454956055,0.2872753143310547,0.042549357,0.01847348,772.0895001105797,-0.00753094126754568,7.708302392065787,100.0,9600,1.662735939025879,0.0001463825988141309,0.00013431499215003906,783.3180735810749,100.0
251,1.5990841388702393,772.5807592524847,7.844854042888378,783.2916007472794,751.1943014061482,100.0,3.2956739910430874,0.1,0.010441303253173828,0.2891373634338379,0.039418537,0.018296605,772.1386260247702,-0.007548700826467768,7.719117965840198,100.0,9600,1.9532034397125244,0.00015185370384338754,0.00015208575826551273,783.3385061992373,100.0
252,1.5953633785247803,772.4909208961972,6.399032537936139,783.3017388695943,755.1834882851596,100.0,3.74704713078153,0.1,0.009393453598022461,0.2698354721069336,0.04587554,0.020708116,772.173855511913,-0.007613575249814657,7.718219758083518,100.0,9600,1.869966983795166,0.00012044019358837574,0.00011920435793097641,783.355242655189,100.0
253,1.5722641944885254,772.6228078373948,7.201526148217342,783.2890196666018,751.1903414827516,100.0,4.522762992796648,0.1,0.009206533432006836,0.3071892261505127,0.046188448,0.01961249,772.2187507444612,-0.007543188914790627,7.719540144418542,100.0,9600,1.9283075332641602,0.0001287782301574995,0.00013660357217522629,783.3458415416817,100.0
254,1.6077888011932373,773.0815161258724,6.440413922283746,783.3162414324005,755.1811899603981,100.0,3.6400752432500476,0.1,0.009255409240722656,0.2798633575439453,0.043068364,0.019428143,772.3050272826024,-0.0075395363991103,7.724543796934223,100.0,9600,1.7755944728851318,0.00012335207201913173,0.00011774241814775253,783.3534822110306,100.0
255,1.6044986248016357,771.2473146064649,8.48608785680657,783.3256916334743,731.1714095877556,100.0,3.628728607773786,0.1,0.011089086532592773,0.26615142822265625,0.044249382,0.021568997,772.1992560149886,-0.007549650277037356,7.705783683056296,100.0,9600,1.9454376697540283,0.0001845861788589546,0.0001846323751513851,783.3499036626574,100.0
256,1.6258282661437988,772.0367630345321,7.124768058987798,783.3031689300451,751.2238937893329,100.0,3.8108094272688975,0.1,0.011920928955078125,0.2843449115753174,0.043237306,0.018704316,772.1830067169429,-0.007570917971948307,7.713679082028052,100.0,9600,1.9715278148651123,0.00014342883391573125,0.00014186315422617683,783.3378011336093,100.0
257,1.5816235542297363,772.7863277865421,6.755320659387675,783.3043851464635,747.1834866942061,100.0,3.651256724658917,0.1,0.009233713150024414,0.2869105339050293,0.046672557,0.02382606,772.243338823903,-0.007576411440527978,7.721173588559471,100.0,9600,1.7315211296081543,0.00013896028467766218,0.00013250841706981473,783.3646049547723,100.0
258,1.709489345550537,772.9497888087408,6.223310765107583,783.3065264167373,743.2037825871449,100.0,4.211134738632064,0.1,0.009873151779174805,0.2720186710357666,0.04452097,0.02209292,772.3139838223867,-0.007608437137450581,7.723224896195883,100.0,9600,1.9069032669067383,0.00011779271577699831,0.0001344739474599122,783.3476978320681,100.0
259,1.603280782699585,772.3286628807097,6.479295838499782,783.2979617870626,755.1711774827987,100.0,3.888324808403203,0.1,0.008760690689086914,0.2866809368133545,0.045997802,0.023831964,772.3154517282189,-0.007568668909083233,7.7170146644242505,100.0,9600,1.9401509761810303,0.0001334564451262407,0.0001118095886323636,783.3155808544551,100.0
260,1.6215732097625732,771.4498797883392,8.552701463647182,783.310262353741,735.1252197851104,100.0,4.3759998530093025,0.1,0.011879444122314453,0.2966115474700928,0.041793473,0.017721979,772.228894534231,-0.007605615397086552,7.70781105126958,100.0,9600,1.8741681575775146,0.0002035054303157267,0.00020821411286963483,783.3367413878179,100.0
261,1.5689315795898438,773.659191569738,7.307643883985169,783.3073184448774,747.1613264892799,100.0,4.163813586396966,0.1,0.010926008224487305,0.2995123863220215,0.041802876,0.015951898,772.3719242377817,-0.007597720381842969,7.730318946284825,100.0,9600,1.826995611190796,0.000160764060021364,0.00012490199312743095,783.3160668817532,100.0
262,1.599137783050537,772.7463486468323,7.0477525975699225,783.3071912220184,747.2121576623092,100.0,3.9181615611269898,0.1,0.008494138717651367,0.29482007026672363,0.043786228,0.018157147,772.4093666786868,-0.00755879901830504,7.721191200981695,100.0,9600,1.911107063293457,0.0001189015072309481,0.00011673218647446223,779.3110419977506,100.0
263,1.597228765487671,773.0348404565666,5.421616944210392,783.2995120126665,759.2371579472306,100.0,3.5831846186531005,0.1,0.00930166244506836,0.27618932723999023,0.04331674,0.019996,772.4719140564747,-0.007590810219022407,7.723659189780977,100.0,9600,1.5895922183990479,9.421075242787732e-05,9.326662059546203e-05,783.3424509233743,100.0
264,1.622183084487915,773.6611658068344,6.634924638900921,783.3049922927067,755.2246534842458,100.0,4.006772723052208,0.1,0.009321212768554688,0.3045790195465088,0.04844589,0.02417182,772.5908392315107,-0.007576553142175128,7.730340113524491,100.0,9600,1.8062899112701416,0.00011791600556505254,0.0001209722751714014,783.3234685179124,100.0
265,1.6510875225067139,771.8667589923662,5.886059848363353,783.2905978644407,755.1388973878438,100.0,3.4097268350662224,0.1,0.009659528732299805,0.31127285957336426,0.039869893,0.019662613,772.5184312075963,-0.00760454034817902,7.711978792985154,100.0,9600,1.629856824874878,0.00010329384685841677,9.21381674963955e-05,783.3101650556282,100.0
266,1.588792324066162,773.8619407637665,5.978912768346021,783.3036469734054,759.1967392421939,100.0,3.9575257326853857,0.1,0.007868528366088867,0.2933940887451172,0.0473339,0.022076951,772.6527821632134,-0.007652601731923119,7.731930731601409,100.0,9600,2.02597713470459,0.00011415571865141974,0.00010125242182585678,779.322597656204,100.0
267,1.5996174812316895,772.864285239445,6.355440711164939,783.293170419,759.1841941040436,100.0,4.34145731010633,0.1,0.009966373443603516,0.2891066074371338,0.04546846,0.015832122,772.6739324708366,-0.007629155503037377,7.721954177830296,100.0,9600,1.846156358718872,0.00011173574235213626,0.00011026763170626742,783.3350206704426,100.0
268,1.6289281845092773,773.7434857877594,6.629194573097689,783.3051795899371,751.222673815367,100.0,4.311938041648858,0.1,0.007968902587890625,0.30326271057128906,0.045058075,0.019471154,772.7808878025289,-0.007588523264631215,7.730744810068702,100.0,9600,2.0026581287384033,0.0001123045254692222,0.00011828656271282455,779.293600837486,100.0
269,1.5795567035675049,772.7390857600176,6.397852079517531,783.2751088401153,751.1876575049358,100.0,3.9063225600275198,0.1,0.009259462356567383,0.2881813049316406,0.043864403,0.020138761,772.7767075982778,-0.0076320923145542785,7.72070124101878,100.0,9600,1.749478816986084,0.00012455921722873343,0.0001194680899151795,783.327918771799,100.0
270,1.6198980808258057,772.3245233006783,7.600399690764911,783.2972530695254,747.1879472363969,100.0,3.652067345749452,0.1,0.009208440780639648,0.29107141494750977,0.04275499,0.022015695,772.7314891685179,-0.007609664157376674,7.71655700250929,100.0,9600,1.6410164833068848,0.00013457882358301182,0.00014069260500772227,783.3231949023093,100.0
271,1.602081537246704,772.2855443392978,6.554756314143523,783.3237809563068,751.1709264653892,100.0,3.9868210878176997,0.1,0.009567022323608398,0.306060791015625,0.048868567,0.02304753,772.6868946855959,-0.007584550277168033,7.7161654497228325,100.0,9600,1.8579201698303223,0.00013342091621034154,0.00012424374755990545,783.3629270391073,100.0
272,1.7733807563781738,772.9531700409519,6.694507723915131,783.2984942259778,755.2064926163132,100.0,3.359663803650927,0.1,0.007711172103881836,0.3246595859527588,0.034673072,0.01668243,772.7135222211315,-0.007573977269574078,7.722842689397093,100.0,9600,1.9235637187957764,0.00011964280910635116,0.00011728578657652277,779.3333357651787,100.0
273,1.749243974685669,774.1241188857198,5.572515225889864,783.3057835452082,759.2061894867337,100.0,4.184379521702361,0.1,0.010442256927490234,0.28806376457214355,0.048243262,0.022663396,772.8545818875904,-0.007530613633334994,7.734552719699998,100.0,9600,1.8161725997924805,9.242074676297639e-05,0.00010345365441142529,783.3017204653104,100.0
274,1.624056100845337,772.6573631613743,6.287231377509077,783.2835614879612,755.2073993844303,100.0,4.005096204289937,0.1,0.009926557540893555,0.3038458824157715,0.038149692,0.016657848,772.8348600149689,-0.007615013703218522,7.719884986296781,100.0,9600,1.886018991470337,0.00010438147860568453,0.00012254656519286385,783.3322019251958,100.0
275,1.6177637577056885,774.4981585263946,5.913898588723846,783.324563494479,755.1936043783717,100.0,3.3166912705309217,0.1,0.009345769882202148,0.29332995414733887,0.041289203,0.020879913,773.0011898661114,-0.007541954130324123,7.73829137920301,100.0,9600,1.8896172046661377,9.579076129218598e-05,9.11724414683001e-05,783.3306975608868,100.0
276,1.61259126663208,772.8671323862687,6.455562587878883,783.286859403147,751.1840029829845,100.0,3.3632983698958716,0.1,0.010435104370117188,0.28955554962158203,0.045060713,0.023242095,772.9877841181271,-0.007600751992492265,7.722399248007508,100.0,9600,1.8928122520446777,0.00012577626292578016,0.00011291240706135681,783.3192139784752,100.0
277,1.657245397567749,772.9932118533987,5.168257155019013,783.3083432667295,759.1538166592028,100.0,3.695875986980108,0.1,0.008313417434692383,0.27304840087890625,0.03730885,0.017029827,772.9883268916543,-0.007589579025035467,7.723243754308299,100.0,9600,1.7993450164794922,8.341571248751045e-05,8.531053514641037e-05,779.3512756413569,100.0
278,1.5686888694763184,773.2899103989275,6.920067992193939,783.3047540710935,755.2227776910933,100.0,4.181815303084184,0.1,0.00914907455444336,0.307009220123291,0.042555895,0.017017001,773.0184852423816,-0.007539101300136109,7.726210898699865,100.0,9600,1.7666563987731934,0.00013555653900199313,0.00013568914804090425,783.3384236511682,100.0
279,1.5780019760131836,771.3651238086877,7.5523843144259875,783.2849230792194,751.2083184283803,100.0,3.964535217113954,0.1,0.009447097778320312,0.2938075065612793,0.046118103,0.017772237,772.8531490990123,-0.007621700717896249,7.706961632615438,100.0,9600,1.9274909496307373,0.00014719243553144038,0.0001537765218591675,783.3297146530984,100.0
280,1.7460317611694336,773.7825952810637,6.652640670477121,783.3214437135116,755.1998373266425,100.0,3.7215993886806182,0.1,0.009240865707397461,0.3109865188598633,0.04050847,0.01644096,772.9460937172174,-0.0076132267896351176,7.7311367732103635,100.0,9600,1.6857068538665771,0.0001443729958175794,0.0001124649863613957,783.2881834694541,100.0
281,1.7780954837799072,772.1576773670098,7.445605918865317,783.2915424159835,751.1351311532749,100.0,4.17157257808857,0.1,0.009394168853759766,0.26727294921875,0.045035344,0.016193148,772.8672520821966,-0.0076124679670830815,7.714887532032917,100.0,9600,1.7787718772888184,0.00015178145063382174,0.0001460732537654164,783.370069878147,100.0
282,1.5863733291625977,772.5769044318046,6.459964636795502,783.2612402972699,755.1466237341007,100.0,4.603184369457493,0.1,0.009292840957641602,0.283674955368042,0.044878997,0.018237751,772.8382173171574,-0.007587336502782943,7.719079330163884,100.0,9600,1.7414524555206299,0.00012851739889347018,0.0001197103699752252,783.3125268313764,100.0
283,1.6496515274047852,774.0363119554708,6.232440885306312,783.2899396362619,755.1922031745178,100.0,3.900647931120541,0.1,0.00946044921875,0.2921624183654785,0.04604254,0.021563126,772.9580267809887,-0.0075756283833246325,7.733674371616676,100.0,9600,1.797821044921875,0.00011747527196562649,0.00011955473410700548,783.3521206773388,100.0
284,1.5988168716430664,771.3716453129074,7.643528203244081,783.2912647876327,751.1774836417203,100.0,3.793747796806718,0.1,0.009145975112915039,0.2945530414581299,0.048101004,0.021983674,772.7993886341806,-0.007555837044854417,7.707027496288478,100.0,9600,1.7920761108398438,0.00014396881802977975,0.0001418106783598311,783.3312541810885,100.0
285,1.6032123565673828,773.164069119542,7.088848850771504,783.3017312206906,747.1435558323901,100.0,3.8236934635565043,0.1,0.009176969528198242,0.27663612365722656,0.0371347,0.015202139,772.8358566827168,-0.007548779544284972,7.724951220455715,100.0,9600,1.7087476253509521,0.00014378687736141558,0.00013551581893262658,783.3453526139524,100.0
286,1.5965657234191895,773.1621601417386,6.368308816618159,783.2967747841806,747.1668208238525,100.0,4.435945577404274,0.1,0.009307861328125,0.27129459381103516,0.042253304,0.014393909,772.8684870286189,-0.007567938749655885,7.724932061250345,100.0,9600,1.8262341022491455,0.00011556454720255393,0.00011062236248590076,783.30842419493,100.0
287,1.583449125289917,773.2064118067486,7.6068816162206785,783.3009339101161,747.1866943570782,100.0,3.929836816989188,0.1,0.009207010269165039,0.2819092273712158,0.04143928,0.01515093,772.9022795064319,-0.007542293210249749,7.725374373456417,100.0,9600,1.9138898849487305,0.00013012917414271277,0.0001309681926273835,783.33445517169,100.0
288,1.5806422233581543,773.6591112680925,7.05337533260311,783.3191052729082,751.1267757745329,100.0,3.6088825791189008,0.1,0.010399818420410156,0.2581515312194824,0.041726645,0.021521172,772.977962682598,-0.007597309808053579,7.729902690191946,100.0,9600,1.6076774597167969,0.00012933712408237451,0.00012776509654853185,771.3289633673977,100.0
289,1.8038697242736816,773.1586471369774,6.414281829804929,783.2698800997396,759.2053215601472,100.0,2.899432705037481,0.1,0.010607242584228516,0.2939457893371582,0.040330976,0.023490876,772.9960311280361,-0.007602886529716843,7.724897113470283,100.0,9600,2.0485823154449463,0.00011428209856253178,0.00011469671412319407,779.3201508200581,100.0
290,1.5469028949737549,774.5382461812087,6.0156878434958045,783.2811688091048,759.2197555716535,100.0,3.5915932529038574,0.1,0.009100914001464844,0.267916202545166,0.041932415,0.018128185,773.1502526333534,-0.007556761391259644,7.7386932386087395,100.0,9600,1.771242380142212,0.00010071872911268245,0.00011039922351610161,783.3133419756351,100.0
291,1.6031088829040527,772.9940739267823,6.33307311045243,783.2780816425669,755.197322476361,100.0,3.841864799893884,0.1,0.010987520217895508,0.29865360260009766,0.040275984,0.017452426,773.1346347626964,-0.007581686897020217,7.723251646436314,100.0,9600,1.7093467712402344,0.00016664686653829774,0.0001276996486564482,779.2911421341233,100.0
292,1.5837643146514893,772.8292156381543,7.399487968880968,783.287702378238,747.2003673431498,100.0,3.804528498178045,0.1,0.012202978134155273,0.2964353561401367,0.042890523,0.020032367,773.1040928502422,-0.00756253946498928,7.721604127201677,100.0,9600,1.632256269454956,0.00012871530999716385,0.0001279490299046193,783.3057392523918,100.0
293,1.6181237697601318,773.9559900200834,6.352551029755379,783.3083519926316,755.1972632640297,100.0,3.399772539801004,0.1,0.009417533874511719,0.29873132705688477,0.037540466,0.016860802,773.1892825672263,-0.007546153408058314,7.732870513258608,100.0,9600,1.7272193431854248,0.00011071857230302504,0.00011134251648636181,783.3128984930946,100.0
294,1.5917654037475586,773.8291995153462,6.337624476177082,783.2971368470795,755.2071275325148,100.0,4.430821360490999,0.1,0.009490251541137695,0.3067290782928467,0.046375655,0.019256212,773.2532742620383,-0.007562268994155905,7.732021064339179,100.0,9600,1.4485032558441162,0.00011187026717403005,0.0001107553448119332,783.2875269126782,100.0
295,1.592621088027954,773.3288320494172,5.984918905959282,783.3075532241368,755.1758231474739,100.0,3.5500010453780377,0.1,0.01099085807800293,0.30893445014953613,0.040460512,0.020591214,773.2608300407762,-0.007567634588275388,7.726599032078393,100.0,9600,1.8391823768615723,0.0001125865726275374,0.00011423334032824421,783.3419299935541,100.0
296,1.6654448509216309,773.3270202013,7.677946912107722,783.2896507410826,751.2075129065981,100.0,3.697479006389222,0.1,0.011974573135375977,0.2891998291015625,0.04153665,0.01839201,773.2674490568286,-0.00758541925429871,7.7265812474123665,100.0,9600,1.8878514766693115,0.00014144180479197643,0.00013549626554293967,783.3240735732053,100.0
297,1.59232497215271,774.2448174633346,6.365934966036903,783.2981593189448,759.1981730924878,100.0,4.204014912613554,0.1,0.009204626083374023,0.32713961601257324,0.042984083,0.016155578,773.3651858974793,-0.007574036928367501,7.735759296404965,100.0,9600,1.6869676113128662,0.0001142261119312252,0.00011398740627916286,783.3051313781788,100.0
298,1.6052334308624268,773.4469123764638,6.694447704574222,783.2935784970133,759.2101585884244,100.0,4.445777761530754,0.1,0.009894847869873047,0.3133246898651123,0.04450955,0.017923754,773.3733585453778,-0.007636131084346853,7.72778053558232,100.0,9600,1.8701934814453125,0.00011649136030218271,0.00011332691326938785,783.2835108538115,100.0
299,1.6305961608886719,773.6595826626136,6.4013446492228985,783.3113952935904,759.2085009583068,100.0,3.6054927800453838,0.1,0.009164810180664062,0.2939329147338867,0.043143224,0.019048143,773.4019809571014,-0.007592810708817086,7.729907189291183,100.0,9600,1.6841249465942383,0.00010247202514418642,0.00010573136110761033,783.2282422321468,100.0
300,1.6072907447814941,773.6600662868735,6.0838997368341685,783.2959897624033,759.2134793610319,100.0,4.142625485567651,0.1,0.009402036666870117,0.29291510581970215,0.04389845,0.017539453,773.4277894900787,-0.00758816265288544,7.729911837347115,100.0,9600,1.7674810886383057,0.00011326220720911727,0.00010826128492337446,783.3349455606817,100.0
301,1.6210153102874756,773.8288396961366,7.091117284144634,783.2998036772285,747.1526469158814,100.0,3.5510089670820046,0.1,0.009410619735717773,0.2931962013244629,0.04364626,0.020672131,773.4678945106845,-0.007565418982735619,7.731601247683931,100.0,9600,1.8274130821228027,0.00012522634814313616,0.00013082508650403388,783.2895903011031,100.0
302,1.745401382446289,772.4504952207471,6.652153708295316,783.3033551668576,751.1961471078555,100.0,3.687163428445816,0.1,0.008277654647827148,0.2905759811401367,0.04200232,0.018347712,773.3661545816908,-0.00760113068344655,7.71781553598322,100.0,9600,1.953927993774414,0.00012520457878086833,0.0001234436464997345,783.3128384578383,100.0
303,1.764096736907959,774.1612964471518,7.282047662136079,783.2927906070223,743.1871577618355,100.0,3.754182405925134,0.1,0.009556770324707031,0.2804715633392334,0.046276234,0.021265786,773.4456687682369,-0.0075760423627546924,7.734923957637245,100.0,9600,1.6989002227783203,0.00013024671901739883,0.00012614940247582915,783.3272106014429,100.0
304,1.588486671447754,774.0777971725643,6.569107007439731,783.2869414898269,755.1713225249313,100.0,4.536303691648747,0.1,0.008463859558105469,0.312469482421875,0.0474754,0.017620241,773.5088816086696,-0.007577787739513447,7.734088878927153,100.0,9600,1.7291958332061768,0.00011693953352855891,0.00011365385775627319,779.2718689016698,100.0
305,1.6019628047943115,772.4896083439875,6.802875986780789,783.299441810293,755.1947508780506,100.0,3.4707323450972716,0.1,0.009271383285522461,0.2748756408691406,0.04782413,0.023973467,773.4069542822015,-0.007626915085883275,7.71820641824745,100.0,9600,1.7966361045837402,0.0001267033092715017,0.00011979277168527896,783.3077632627835,100.0
306,1.6267192363739014,772.9468607353815,6.410042187750572,783.2988335157067,755.2113388541579,100.0,3.6070490716105357,0.1,0.010587215423583984,0.28836584091186523,0.04870893,0.025801627,773.3609449275195,-0.007637346155850828,7.722779320510816,100.0,9600,1.6454007625579834,0.00010888944321722608,0.0001090610400571795,779.2879044377918,100.0
307,1.5756683349609375,772.4861634724908,7.439877070107978,783.3071956122233,751.1859056501874,100.0,4.073788230088395,0.1,0.009416818618774414,0.29814720153808594,0.044684794,0.020246118,773.2734667820166,-0.007660121011358209,7.718173212321975,100.0,9600,1.8571140766143799,0.0001262471061950082,0.00014729303044211264,779.2875784994492,100.0
308,1.5764920711517334,773.7043395903893,6.479832303129964,783.3091713482112,759.1653516088545,100.0,3.8291418875705854,0.1,0.010348081588745117,0.2772190570831299,0.04659966,0.02161992,773.3165540628539,-0.007563417615926334,7.730353249050741,100.0,9600,1.741762638092041,0.00014898734954019757,0.00011620329742958537,783.3022040035167,100.0
309,1.5664451122283936,774.3686510327789,6.101480240456369,783.2897595743366,763.166207577621,100.0,4.004564247532285,0.1,0.009201765060424805,0.2893354892730713,0.044361662,0.01671492,773.4217637598465,-0.007585843783598753,7.736997489549734,100.0,9600,1.939213752746582,0.00010098573191424323,9.911579497076538e-05,783.315519774633,100.0
310,1.626107931137085,773.9954487227441,6.905898146400246,783.3077805717414,751.1743572118263,100.0,3.5556760412266635,0.1,0.009324789047241211,0.2913498878479004,0.04091979,0.01791842,773.4791322561363,-0.007568652818756623,7.733264680514576,100.0,9600,1.921565294265747,0.00012579387508188997,0.000125580009489082,783.335368355098,100.0
311,1.6953089237213135,774.5393827533471,6.726388054923926,783.3040158776249,751.186056592212,100.0,4.706785198566236,0.1,0.00908970832824707,0.2651855945587158,0.046158563,0.019752799,773.5851573058574,-0.007543495072958847,7.738706504927041,100.0,9600,1.886277198791504,0.00011552026556491587,0.00011297813492078478,783.3264865630969,100.0
312,1.6801786422729492,773.7420602373519,6.877415512077699,783.2944307298322,747.1574309205813,100.0,3.4069011900124644,0.1,0.010219097137451172,0.2933011054992676,0.043880083,0.01988627,773.6008475990068,-0.007600094308690142,7.731566572357977,100.0,9600,1.8108158111572266,0.00011725285263115297,0.00011507117318902113,783.3289239883068,100.0
313,1.6011073589324951,773.3208227257242,6.67401680736933,783.2901610801986,751.1818588154291,100.0,3.9990834168924256,0.1,0.009152412414550781,0.2771120071411133,0.039774057,0.017026717,773.5728451116785,-0.007648604115720021,7.726518062550947,100.0,9600,1.5002574920654297,0.00011983543712201376,0.0001205252893275645,779.2639337223221,100.0
314,1.5891246795654297,775.0368232170194,6.855399961569304,783.2973894411291,751.2053953561262,100.0,3.8966980742685657,0.1,0.011259317398071289,0.29143786430358887,0.04438073,0.01829031,773.7192429222126,-0.007569577033477594,7.743680422966523,100.0,9600,1.7715518474578857,0.00012673584132976164,0.00011271705044823558,779.2818332897543,100.0
315,1.6100208759307861,774.86763438672,5.675633126349019,783.3142534666787,759.1785299483752,100.0,4.523579591048466,0.1,0.00914311408996582,0.2912890911102295,0.04749257,0.017071208,773.8340820686634,-0.007597121142673035,7.74198621219066,100.0,9600,1.7715675830841064,8.425737681535655e-05,8.175585474573406e-05,775.2983250889482,100.0
316,1.6196348667144775,773.8249284971406,6.259552999330461,783.2921132651956,759.1622481024608,100.0,3.7199190225384715,0.1,0.010207653045654297,0.30019140243530273,0.043324888,0.018810876,773.8331667115111,-0.00760471099864846,7.731978622334684,100.0,9600,1.743297815322876,0.00011975075719416555,0.00011952572809736153,783.260765955879,100.0
317,1.5882251262664795,774.1182346217261,7.194438800607565,783.2878699304558,751.2279134842448,100.0,3.685688834325841,0.1,0.009177923202514648,0.2962310314178467,0.04647481,0.02253988,773.8616735025327,-0.007590132168471289,7.734493201164862,100.0,9600,1.6874194145202637,0.0001331220494721353,0.00013369768042438175,783.2801558775109,100.0
318,1.7143335342407227,773.0713465958579,7.177425141036231,783.2904272885944,751.1662165023129,100.0,3.542737411237879,0.1,0.009474039077758789,0.3114898204803467,0.046700265,0.023077887,773.7826408118652,-0.007642372140053234,7.724024294526614,100.0,9600,1.744053602218628,0.00014557646869862499,0.00014744074837691825,779.3069670206935,100.0
319,1.5776314735412598,773.3642658484526,6.773411707978738,783.2894042493323,743.1273479473484,100.0,4.110709741712941,0.1,0.009289979934692383,0.28075718879699707,0.047608975,0.021342192,773.740803315524,-0.007627839114051846,7.727788827552615,100.0,9600,1.8129184246063232,0.00011895376635409428,0.00011202493937781453,783.2785859884805,100.0
320,1.6022827625274658,773.3660171672523,5.986763157010389,783.2861764579745,759.152362477415,100.0,3.7783396540512717,0.1,0.00978398323059082,0.3133816719055176,0.04474674,0.019119168,773.7033247006968,-0.007611150663050264,7.727388849336951,100.0,9600,1.7617363929748535,0.0001002626165078437,0.00011903714861997576,783.2993288461912,100.0
321,1.5824637413024902,774.705081463479,6.300050886959299,783.3005818634622,755.177588260009,100.0,4.760847153544389,0.1,0.012001276016235352,0.3013346195220947,0.04462569,0.016048986,773.8035003769751,-0.007554447237939705,7.740362219428726,100.0,9600,2.0690739154815674,0.0001080700623461632,0.00011583622157185518,783.3093660940134,100.0
322,1.6240577697753906,773.1161410854176,6.336034699831849,783.2804372193424,751.1852100594152,100.0,3.876019448249558,0.1,0.011164188385009766,0.29810118675231934,0.045886222,0.021250049,773.7347644478194,-0.007609648797336528,7.724473684535997,100.0,9600,1.9093501567840576,0.00014575110123491572,0.0001102895844892812,783.297815180913,100.0
323,1.5794923305511475,773.8218074781358,6.362465607465569,783.3006566717047,755.1776929952689,100.0,3.4172028664218415,0.1,0.009217262268066406,0.30773067474365234,0.033663698,0.013057469,773.7434687508511,-0.00763677603045389,7.731529890636214,100.0,9600,1.889732837677002,0.00010396279544431788,0.00011363688500573574,783.2994573199919,100.0
324,1.568469762802124,775.160662817109,6.54711768496541,783.3180096453391,751.1675927806322,100.0,3.709209091629664,0.1,0.009191751480102539,0.29006409645080566,0.046107348,0.021099323,773.8851881574769,-0.007581874603376289,7.744918125396624,100.0,9600,1.9685304164886475,0.00011175499188305837,0.00010589981204330411,783.3171643552165,100.0
325,1.622739553451538,773.7411073650591,6.947518784539594,783.3027602240547,751.2188972759027,100.0,4.284956343116589,0.1,0.008678197860717773,0.2842566967010498,0.047227714,0.018723879,773.8707800782352,-0.007611399644411436,7.730721933688922,100.0,9600,1.9635639190673828,0.0001258518623230774,0.00012031636352403594,783.3137620448051,100.0
326,1.667738437652588,774.2847678230513,6.171677501220152,783.2951090731177,759.1948048227212,100.0,4.0989622503784835,0.1,0.009398460388183594,0.2995140552520752,0.04211911,0.017220851,773.9121788527168,-0.007590283063739943,7.736159716936261,100.0,9600,1.9903502464294434,9.698168089242934e-05,0.00010201929876070102,783.3218778680349,100.0
327,1.5960321426391602,774.0412946910683,6.339928091050872,783.31857021349,759.2041423893812,100.0,4.014995315992203,0.1,0.010325431823730469,0.27570438385009766,0.04267596,0.018264145,773.925090436552,-0.007525565230342648,7.734141101436324,100.0,9600,1.8405866622924805,0.0001207106352775108,0.00010721267529783606,783.3271846244237,100.0
328,1.5826702117919922,773.9518202550729,7.6009414025686395,783.3154713886121,747.1931848275376,100.0,3.210464005940042,0.1,0.011037111282348633,0.31835055351257324,0.03914741,0.020118134,773.9277634184041,-0.007587702989867845,7.732828963676799,100.0,9600,1.8029499053955078,0.00014740291788831511,0.0001531690996133643,783.2978577845619,100.0
329,1.589893102645874,774.3244397843469,6.860770740325771,783.3003487541034,755.165513503823,100.0,3.3640334716129683,0.1,0.008333921432495117,0.2960641384124756,0.04604256,0.023843218,773.9674310549983,-0.007610775247490026,7.736555891419177,100.0,9600,1.7750020027160645,0.00010003312809340656,9.566279402155928e-05,783.2984237992458,100.0
330,1.593937873840332,774.5841392093902,5.63021539714273,783.297156613538,759.2061024094767,100.0,4.272282661524059,0.1,0.010016202926635742,0.30840539932250977,0.046448033,0.019637272,774.0291018704376,-0.007514209672683041,7.739152456993982,100.0,9600,1.7636497020721436,7.981198467122048e-05,7.940478353195846e-05,783.3163199676604,100.0
331,1.5844354629516602,773.2379860198881,6.67125326844341,783.2873646013647,755.1917446491722,100.0,3.731187082175553,0.1,0.010138750076293945,0.29640793800354004,0.04639074,0.018396027,773.9499902853827,-0.007642815515769498,7.72610718448423,100.0,9600,1.8373394012451172,0.00011363438641594029,0.00011384996460812688,783.3129085081073,100.0
332,1.5884730815887451,774.870274983064,6.290978475214393,783.3075994322467,755.1838937497467,100.0,3.5545031037931984,0.1,0.011864423751831055,0.28925275802612305,0.04327801,0.021068122,774.0420187551508,-0.007569998448539106,7.7420133348847955,100.0,9600,1.6305291652679443,0.00010413303021366766,9.886844513793799e-05,783.3226846302222,100.0
333,1.7374825477600098,773.1944856701457,7.56647976227409,783.3267421480734,747.1812502212022,100.0,3.7091708326628337,0.1,0.01441502571105957,0.3112945556640625,0.041065775,0.01939462,773.9572654466504,-0.007661315858924008,7.725255350807743,100.0,9600,1.5620925426483154,0.00015265510473912384,0.00015068355702728005,783.2968147494439,100.0
334,1.6324520111083984,773.2830699307675,7.803440230819055,783.323491757053,751.1824484302157,100.0,3.2456653380880605,0.1,0.008844375610351562,0.2749960422515869,0.04521115,0.022245282,773.8898458950621,-0.007608729339729485,7.726141270660271,100.0,9600,1.6874852180480957,0.0001518614746467347,0.00015144781152239963,783.3281940184934,100.0
335,1.6474580764770508,774.8234083416502,5.685188929699916,783.2931524296965,759.177220734882,100.0,4.546491104807291,0.1,0.00928807258605957,0.30482983589172363,0.0471208,0.017787969,773.9832021397209,-0.007620311178449963,7.741546355488217,100.0,9600,1.8310701847076416,8.87893775423417e-05,8.460856955454276e-05,783.301479783783,100.0
336,1.596691608428955,774.2803754411713,6.742008672692885,783.298907525127,751.1641238242345,100.0,4.0366034929004835,0.1,0.009876728057861328,0.26601552963256836,0.048444808,0.026062798,774.012919469866,-0.007634171798228238,7.736115828201771,100.0,9600,1.9284322261810303,0.00012805887954327817,0.00013123611260568933,783.2970363580282,100.0
337,1.6345062255859375,774.6154000939417,6.4489276281462224,783.2865818201556,755.1834544839207,100.0,4.664530772494009,0.1,0.009211301803588867,0.2855045795440674,0.04467274,0.016485002,774.0731675322736,-0.00761808253424313,7.73946525079909,100.0,9600,1.7561182975769043,0.0001103540104439635,0.00010674111796952326,783.2849478549673,100.0
338,1.6199872493743896,773.4090418319498,6.22861907386457,783.2891332294623,755.180376896141,100.0,4.153838247059613,0.1,0.009236812591552734,0.29421353340148926,0.046807066,0.016782075,774.0067549622413,-0.0075987982107006075,7.7274012017892995,100.0,9600,1.6667015552520752,0.00010407449800735415,0.00012454898922653157,783.3206173324204,100.0
339,1.5940611362457275,775.1176026453201,5.284870977963046,783.3245383805628,763.2038894728489,100.0,4.2957985968095285,0.1,0.010414361953735352,0.3044888973236084,0.04745432,0.019424524,774.1178397305491,-0.007596522295779889,7.744486811037554,100.0,9600,1.8017497062683105,0.0001316271071116796,8.008437208618736e-05,783.2494129760829,100.0
340,1.5712149143218994,773.6957635274349,7.166700899141957,783.2812700128934,743.1489664823887,100.0,3.8990453211921223,0.1,0.009210348129272461,0.2753012180328369,0.04372561,0.016284868,774.0756321102377,-0.007646755383549948,7.730686577949783,100.0,9600,1.8837890625,0.00013435194003439234,0.00013331079059747435,783.2388972791185,100.0
341,1.792572021484375,773.7807144031225,7.229097875976584,783.3053475187088,751.1598119061543,100.0,3.8336105433275174,0.1,0.009470462799072266,0.3043026924133301,0.04908563,0.021089707,774.0461403395262,-0.007631756438433133,7.731118243561568,100.0,9600,1.6759977340698242,0.00011933657054389922,0.0001253205973251331,783.2896343119447,100.0
342,1.6303505897521973,774.6560247592475,6.869550928497616,783.3047647739277,755.2151897981585,100.0,3.395963858115881,0.1,0.010828495025634766,0.29318666458129883,0.043048333,0.019990075,774.1071287814984,-0.007628964823928473,7.73987103517607,100.0,9600,1.723322868347168,0.00012154856453188497,0.00011186680598825798,783.2642268549748,100.0
343,1.6012625694274902,774.0344890483726,6.260477566307883,783.3069424613099,755.1962967354607,100.0,3.708064686354874,0.1,0.009995460510253906,0.31066131591796875,0.041371334,0.020350065,774.0998648081859,-0.007594829858738634,7.733655170141262,100.0,9600,1.8539206981658936,0.00010218752340536744,0.00010138521271954976,783.2978150829042,100.0
344,1.6099803447723389,774.5333391072691,6.444958999822395,783.3017673799169,751.1662185722324,100.0,3.5929089135019585,0.1,0.010548591613769531,0.2933952808380127,0.045034952,0.020867577,774.1432122380942,-0.007605609575213122,7.739061057091454,100.0,9600,1.7215490341186523,0.00010798841156716754,0.00010730148311984631,783.2565621683566,100.0
345,1.6593639850616455,775.2070635193404,5.9416500325191635,783.3125364339829,747.2011543054592,100.0,3.7870256935532702,0.1,0.009376049041748047,0.28775906562805176,0.0460458,0.019756608,774.2495973662187,-0.007534478366698428,7.74538218829997,100.0,9600,1.7077763080596924,8.916834461269984e-05,8.986136494431678e-05,783.274825108838,100.0
346,1.6304709911346436,774.454489192407,6.5369120147521285,783.3167880636493,759.177203472279,100.0,3.230977369597145,0.1,0.009004354476928711,0.3189513683319092,0.044205688,0.023152974,774.2700865488375,-0.007561630377545464,7.737855036289122,100.0,9600,1.8386249542236328,0.00011489743574196879,0.00011256411869991802,783.3105209258787,100.0
347,1.5859119892120361,774.6581134021905,6.967300471557121,783.3054416861844,743.1816318055864,100.0,3.457496631346683,0.1,0.009474515914916992,0.2985084056854248,0.048676867,0.025855483,774.3088892341729,-0.007607855813729312,7.73989214418627,100.0,9600,1.6986615657806396,0.00014013615629599263,0.0001363977629669729,783.3134180282933,100.0
348,1.597541332244873,774.7866867096567,6.201105276865207,783.3048960983947,751.1723544226761,100.0,4.496740104641438,0.1,0.009382247924804688,0.2798044681549072,0.047691766,0.019421842,774.3566689817213,-0.007573164093889247,7.741176835906111,100.0,9600,1.6197946071624756,0.00010351620786631193,0.0001012989136692546,783.3345409236833,100.0
349,1.7574806213378906,774.368796133223,5.935563190169413,783.2756796507807,755.2076807346828,100.0,3.9006629930084533,0.1,0.008692502975463867,0.2603011131286621,0.047406748,0.022376562,774.3578816968715,-0.007584132254384844,7.736999201078949,100.0,9600,1.8939108848571777,9.267286669667745e-05,9.02334194608758e-05,783.3069441545687,100.0
350,1.6212093830108643,774.7393727484559,5.9640760524343,783.2817509006187,759.1706963374494,100.0,4.5354143666083475,0.1,0.010804176330566406,0.3008277416229248,0.046774615,0.01782939,774.3960308020299,-0.0076302113931351915,7.740703121940197,100.0,9600,1.8015928268432617,8.7274553490884e-05,8.655960415670528e-05,783.2850782117333,100.0
351,1.5638139247894287,772.4435026481166,7.442603941966795,783.3029821366505,731.1059412040819,100.0,3.9248449244690082,0.1,0.009253263473510742,0.31910133361816406,0.045863483,0.021052357,774.2007779866385,-0.007670801989743775,7.717745864676924,100.0,9600,1.595869779586792,0.00013977567312600076,0.0001324866243037111,783.3511403087183,100.0
352,1.5979816913604736,775.4558351289534,5.939254423495045,783.3069231569112,755.2142526948147,100.0,3.4826851969247223,0.1,0.015575408935546875,0.29922032356262207,0.04171808,0.017715631,774.3262837008701,-0.0075471048225627625,7.747869561844104,100.0,9600,1.937868356704712,0.00010932141167556884,0.00011030731336921399,783.3219876802424,100.0
353,1.5862526893615723,774.5391660479262,5.847727849164859,783.3116002212736,759.199547105588,100.0,4.172144830433061,0.1,0.0079803466796875,0.30649542808532715,0.045996152,0.018637402,774.3475719355758,-0.007544163056998103,7.739539170276335,100.0,9600,1.780135154724121,0.00012533108634084301,9.891072725855846e-05,783.3253626747955,100.0
354,1.5806031227111816,774.2848877974742,6.594605575971606,783.2924089204294,751.1635938374981,100.0,4.446162644394964,0.1,0.01057744026184082,0.28465795516967773,0.04360213,0.01576582,774.3413035217658,-0.007590675428877505,7.7361593245711235,100.0,9600,1.5279858112335205,0.0001104993771508561,0.0001090907518797717,783.3256763694253,100.0
355,1.6392912864685059,774.5801829289898,6.508585886879843,783.3032413645197,751.1750463722511,100.0,4.7306683902892095,0.1,0.016884326934814453,0.321671724319458,0.046331722,0.017909275,774.3651914624882,-0.00755354897505536,7.739529784358278,100.0,9600,1.8191180229187012,0.00010170450775725784,0.00010105784586479072,783.3165637417837,100.0
356,1.583383321762085,776.0798473955953,6.034702384900344,783.3005409474437,747.1946520521991,100.0,3.1840576167567964,0.1,0.01205301284790039,0.2717862129211426,0.04631926,0.021374408,774.536657055799,-0.007557335685027787,7.754109330981638,100.0,9600,1.9966669082641602,8.030823363925655e-05,7.644004038260371e-05,783.3200346910934,100.0
357,1.781858205795288,776.2069778541094,5.033485408334239,783.2877713506809,759.1952806242685,100.0,3.822202531715886,0.1,0.009359121322631836,0.2663719654083252,0.040920347,0.016313434,774.70368913563,-0.007536929649413482,7.755379737017253,100.0,9600,1.6538255214691162,7.568105821432058e-05,7.734552355330924e-05,783.3411528426147,100.0
358,1.6119344234466553,773.8691267057269,6.306235500185253,783.3001556198207,759.1969649712119,100.0,4.016600563941202,0.1,0.012109041213989258,0.27907395362854004,0.048564468,0.022111878,774.6202328926397,-0.007581485907410546,7.732001847425923,100.0,9600,1.9855647087097168,9.699300690058764e-05,9.584300254619605e-05,783.3266086811051,100.0
359,1.6223382949829102,774.8347483626443,5.254117784641611,783.2975330133005,759.2101424426899,100.0,3.6882600811310953,0.1,0.009439945220947266,0.28084564208984375,0.046163417,0.022610217,774.6416844396402,-0.007510036791833805,7.741656629874832,100.0,9600,1.9377672672271729,7.788667948992619e-05,7.610743586494548e-05,783.3159758460941,100.0
360,1.5836281776428223,773.3696354190484,6.943019531715901,783.2851330171064,747.2043239999301,100.0,3.975675051796717,0.1,0.00964498519897461,0.27105236053466797,0.047251858,0.020957317,774.5144795375811,-0.00757549859305381,7.72700783474028,100.0,9600,1.5978245735168457,0.00013043914714921554,0.00013413361907591384,783.2972215975067,100.0
361,1.572218894958496,774.6269837172416,6.294560857905052,783.349465161412,755.1822592757846,100.0,3.326980846858801,0.1,0.009208917617797852,0.2742421627044678,0.047425605,0.021491978,774.5257299555471,-0.007500748204030071,7.740415918462635,100.0,9600,1.804398775100708,0.00011055234511266453,0.00010543904903068284,783.3362452508795,100.0
362,1.6344432830810547,775.9979325916561,5.284068810955749,783.3276408002854,759.2150525678879,100.0,4.1092050237839555,0.1,0.01177072525024414,0.2775261402130127,0.047235444,0.020040134,774.6729502191581,-0.007542922501973353,7.753290410831361,100.0,9600,1.9402174949645996,9.448173927723327e-05,7.901698259680941e-05,783.3502375222557,100.0
363,1.5699689388275146,774.5754919781084,6.089191712101641,783.3154350652488,755.1727445610153,100.0,4.145146102233325,0.1,0.011942148208618164,0.27872538566589355,0.048743,0.02213783,774.6632043950532,-0.007600663146400834,7.739482670186933,100.0,9600,1.6852290630340576,9.915547991835414e-05,9.746202180947337e-05,783.3094606006125,100.0
364,1.7388224601745605,775.491873325509,5.6915816945225925,783.284302105631,755.214433605675,100.0,3.8257994258750383,0.1,0.009014368057250977,0.29871439933776855,0.047730163,0.018804751,774.7460712880987,-0.007604728411942853,7.7482286049213895,100.0,9600,1.7459659576416016,9.016938804289755e-05,9.194797618417213e-05,783.3180513594065,100.0
365,1.595888614654541,774.4894247628673,5.763255029367301,783.2860176948551,755.2206981157432,100.0,3.8757996905702257,0.1,0.011165380477905273,0.30436205863952637,0.047166966,0.021579688,774.7204066355755,-0.0076286795175488295,7.738204653815784,100.0,9600,2.005645990371704,8.635539374271752e-05,8.425591657256887e-05,783.3166520304507,100.0
366,1.6457972526550293,774.7848837895086,6.744683600295287,783.2897054241053,751.2077486525966,100.0,3.947130123067197,0.1,0.009374380111694336,0.3102297782897949,0.04310428,0.019611185,774.7268543509688,-0.007589413315795944,7.741577253350871,100.0,9600,1.8460626602172852,0.0001226232407975472,0.00012097218932188199,783.3120159800975,100.0
367,1.6565515995025635,774.6562682962746,6.366424442590163,783.2977519796129,759.1889362070636,100.0,4.423901907379248,0.1,0.011491060256958008,0.30474352836608887,0.04831716,0.019982038,774.7197957454994,-0.007626950218342675,7.739873049781657,100.0,9600,1.7150845527648926,0.00010966751402393463,0.00010895518600788083,783.3276501417785,100.0
368,1.598153829574585,775.8346495434929,5.757625187789268,783.3239048368459,755.2281260292256,100.0,4.020351877668185,0.1,0.010425567626953125,0.29010677337646484,0.045727983,0.018756276,774.8312811252988,-0.007509108938737137,7.7516575577279285,100.0,9600,1.8789236545562744,9.466078839687095e-05,9.9757612931056e-05,783.3228816944363,100.0
369,1.5501675605773926,775.6685914116597,5.291495927041419,783.3062293172077,751.1621997023988,100.0,3.646503085614642,0.1,0.009256124496459961,0.26601600646972656,0.045288127,0.018657617,774.915012153935,-0.007503383573358916,7.7499966164266425,100.0,9600,1.7374730110168457,7.067851421040822e-05,7.619323651196399e-05,783.3036414197516,100.0
370,1.5898356437683105,775.0825891923572,6.311868129449075,783.3039248850913,755.2120208406058,100.0,3.9418686057670036,0.1,0.009418487548828125,0.29480671882629395,0.046605334,0.019154826,774.9317698577772,-0.007530314996016009,7.744136351670651,100.0,9600,1.8616487979888916,0.00012162566040891313,0.00010206383896914295,783.3337932188957,100.0
371,1.7060348987579346,775.248299116182,6.15260690981544,783.292609245554,755.1817307033334,100.0,4.039915693677983,0.1,0.010112524032592773,0.2774391174316406,0.04797267,0.020777615,774.9634227836177,-0.007539056290966119,7.745794277042367,100.0,9600,1.8777837753295898,0.00010413969164344236,0.0001018235674652644,783.3310101220798,100.0
372,1.7623417377471924,774.2822001807735,5.745972219968403,783.3010329834547,759.226133797353,100.0,4.173875529711204,0.1,0.011201620101928711,0.29177212715148926,0.0459734,0.018305818,774.8953005233333,-0.0076182684551644566,7.736131731544835,100.0,9600,1.810302734375,8.821526833366497e-05,8.774479881577281e-05,783.3077577257459,100.0
373,1.5868189334869385,772.7826673163421,7.02532796297204,783.2771537155926,747.183360681834,100.0,4.483890420672652,0.1,0.00956273078918457,0.275738000869751,0.041021906,0.01482034,774.6840372026342,-0.007612729000807686,7.721137270999191,100.0,9600,1.8848657608032227,0.00015771588666264213,0.00016481655882561797,783.2926471600234,100.0
374,1.5874121189117432,773.6620297336581,7.924406487111489,783.3268915565694,751.2052256372347,100.0,4.274676724819485,0.1,0.01220560073852539,0.30181884765625,0.046596676,0.021807158,774.5818364557366,-0.007568340924187372,7.729931659075812,100.0,9600,1.839324712753296,0.0001903957565557835,0.00014786338434912748,783.3229908673899,100.0
375,1.6084864139556885,773.9049469402881,6.117292253856278,783.2998955525771,747.1783292337068,100.0,4.23046228480533,0.1,0.011073112487792969,0.2896561622619629,0.042622346,0.016803417,774.5141475041918,-0.007637852374277058,7.732778814292391,100.0,9600,1.6780149936676025,0.00010265082733179026,9.963391733580542e-05,783.3108910281205,100.0
376,1.6266593933105469,774.9937720695007,6.173023545755863,783.2967380323254,751.1870802455751,100.0,5.125235832992964,0.1,0.009427309036254883,0.3277018070220947,0.048158295,0.020347092,774.5621099607226,-0.0075835026555531385,7.74324983067778,100.0,9600,1.6451380252838135,9.52596463350721e-05,9.182950200788752e-05,783.3073157163163,100.0
377,1.5912270545959473,774.7492918588435,6.213345094650462,783.3018070543064,751.1881311762718,100.0,3.750436667440456,0.1,0.007179975509643555,0.30689239501953125,0.046799842,0.023849314,774.5808281505347,-0.007529785347217229,7.740803547986116,100.0,9600,1.7372000217437744,9.978257040214712e-05,9.855418417575006e-05,783.2889665655348,100.0
378,1.618622064590454,775.0357957353905,5.67901836594817,783.2977504350363,751.2105503902294,100.0,4.253440300949247,0.1,0.009378433227539062,0.29082155227661133,0.04754154,0.020762598,774.6263249090202,-0.007581155303128216,7.744085511363539,100.0,9600,1.6297242641448975,8.188115557147966e-05,8.817060739988397e-05,783.2903922015425,100.0
379,1.708399772644043,775.3283199533404,6.013225155898563,783.3074524197357,759.2321759461073,100.0,3.6531036858574244,0.1,0.015747547149658203,0.3002047538757324,0.0446704,0.019670345,774.6965244134523,-0.007573344123865092,7.746593322542803,100.0,9600,1.7741296291351318,9.285927688749882e-05,8.54428830264833e-05,783.2975206752561,100.0
380,1.7892842292785645,773.7839469582328,7.088646310855948,783.3033822446641,755.1989340562355,100.0,3.230063341042099,0.1,0.009320497512817383,0.28337931632995605,0.046012305,0.023437839,774.6052666679303,-0.0075984974082070715,7.731151502591793,100.0,9600,1.665107250213623,0.000130541743810768,0.00012494740820301122,783.3076659972804,100.0
381,1.6051621437072754,773.9505355948646,6.299298805963605,783.2856885544232,755.1934661778897,100.0,4.2301145267860525,0.1,0.009359121322631836,0.27620434761047363,0.04712946,0.01893448,774.5397935606237,-0.007599452863472129,7.733233880469861,100.0,9600,1.6976652145385742,0.00010771524563591876,0.00010638356256500017,783.3205358537392,100.0
382,1.5817325115203857,772.569013218584,7.004009156611699,783.2906127577892,751.2271744432181,100.0,3.6762979784368794,0.1,0.009448766708374023,0.27532196044921875,0.046574175,0.021181758,774.3427155264197,-0.007666525413291191,7.719000141253375,100.0,9600,1.812520980834961,0.0001349125376895154,0.0001362332911450218,783.2829292851229,100.0
383,1.5832326412200928,775.1613573572813,5.787067382892612,783.308797832719,759.2111613680216,100.0,3.7924483138779106,0.1,0.007070779800415039,0.2828025817871094,0.045454774,0.021104306,774.4245797095059,-0.007575863630963832,7.744924136369036,100.0,9600,1.6238152980804443,9.242206368574147e-05,8.855056928475757e-05,783.2988419522322,100.0
384,1.583827018737793,774.455223563648,6.430279581895956,783.3088240735822,751.1986372518106,100.0,3.9403472797426105,0.1,0.012172222137451172,0.28925108909606934,0.046454806,0.019633938,774.4276440949201,-0.007552026403901721,7.737864640262765,100.0,9600,1.8484702110290527,0.00010181071471023933,0.00010193933066395549,783.3328814679853,100.0
385,1.5903937816619873,774.2431323053452,5.9853500534844795,783.2855413107176,751.1490888958851,100.0,4.82405573089777,0.1,0.010380983352661133,0.32851386070251465,0.047377314,0.019090004,774.4091929159625,-0.007589943185994312,7.735743390147339,100.0,9600,1.864382028579712,0.00010397233992159729,0.00010164010326544936,779.3479991875303,100.0
386,1.5861608982086182,775.2897525611055,6.6346437240391705,783.2955797784041,755.1841878207593,100.0,3.6177036937636595,0.1,0.011998176574707031,0.27593278884887695,0.046630606,0.0215306,774.4972488804768,-0.00754184163023434,7.7462081583697655,100.0,9600,1.5271728038787842,0.00010968134487012071,0.00010212260183105722,783.2927140740103,100.0
387,1.735344409942627,773.5378528821202,6.54430606586664,783.3129718626634,755.1736657637629,100.0,5.024137644714766,0.1,0.009903907775878906,0.2696549892425537,0.044943146,0.01649323,774.4013092806413,-0.0075599833047986275,7.728690016695201,100.0,9600,1.4674224853515625,0.00011025440988829455,0.00011836165228644509,783.3412964823916,100.0
388,1.5822021961212158,774.331108793553,6.185821696841281,783.327833266442,755.2073936429914,100.0,3.5737461709186253,0.1,0.00864553451538086,0.2901122570037842,0.047777005,0.018962506,774.3942892319324,-0.00754438946576962,7.7366222772008975,100.0,9600,1.762223243713379,9.689708669856195e-05,9.637211192840967e-05,783.3342298225045,100.0
389,1.6141128540039062,773.9152392951722,6.11194734292212,783.3035969122014,755.1965801972076,100.0,3.6981760743953,0.1,0.009920835494995117,0.2743265628814697,0.046030782,0.021775505,774.3463842382564,-0.0075362849803462225,7.7324637150196525,100.0,9600,1.813628911972046,9.764995481427739e-05,9.788448025995206e-05,783.3018958649562,100.0
390,1.574141263961792,774.7464937868499,5.339514962052285,783.3179746822705,763.2055585517285,100.0,4.3187925549999315,0.1,0.009243249893188477,0.30883169174194336,0.04749749,0.01993964,774.3863951931157,-0.007556783658484598,7.740776549674848,100.0,9600,1.5547051429748535,8.924892535890095e-05,8.436152901108601e-05,783.3342046009913,100.0
391,1.5900092124938965,775.4944131011893,6.407395793207582,783.2812033641013,755.23655718484,100.0,4.056657850322726,0.1,0.009293794631958008,0.30661869049072266,0.048195373,0.02170795,774.4971969839231,-0.007576008327550156,7.74867399167245,100.0,9600,1.870424509048462,9.453344270396824e-05,9.20205906959899e-05,783.3234514428863,100.0
392,1.6164414882659912,773.7862003877958,7.042981058665102,783.2853883780001,751.2120984075132,100.0,3.503599161214448,0.1,0.010000228881835938,0.30051136016845703,0.048943684,0.025209324,774.4260973243104,-0.00757812280816979,7.731171877191831,100.0,9600,1.6211047172546387,0.00012600537172040944,0.0001225570796133772,783.3107294309666,100.0
393,1.581315517425537,774.6665298523675,5.984577520837681,783.3057140059273,755.2002904915225,100.0,3.8720654646800665,0.1,0.010506153106689453,0.31711816787719727,0.044516344,0.02067767,774.4501405771161,-0.00752326828096354,7.739976731719036,100.0,9600,1.8048427104949951,8.943027182424579e-05,8.746865974713707e-05,783.3038185146384,100.0
394,1.5961878299713135,773.8298219854196,6.673935959033225,783.2934210821497,751.1769862449468,100.0,3.4658742597137486,0.1,0.010695695877075195,0.2744941711425781,0.043909773,0.02131955,774.3881087179466,-0.0075580238955303275,7.731608642771138,100.0,9600,1.8410158157348633,0.00010445303915025908,0.00010347166678569583,779.295370867718,100.0
395,1.6976830959320068,773.1203533636599,6.260288046672582,783.2964642036407,755.2104876904677,100.0,4.335949889002189,0.1,0.012208938598632812,0.28339457511901855,0.0405361,0.014004669,774.2613331825179,-0.00756771179998757,7.724932288200012,100.0,9600,1.7388217449188232,0.00011434192237034257,0.00011506458927086918,783.3114884056341,100.0
396,1.558377981185913,774.3745985018828,6.998316818276227,783.3068743540641,755.1923839706042,100.0,5.000451051655389,0.1,0.009244441986083984,0.2858002185821533,0.047682457,0.01654497,774.2726597144543,-0.007526028965013105,7.737057304368321,100.0,9600,1.580185890197754,0.0001442944576244725,0.00014382887862079697,783.3151885233481,100.0
397,1.5932083129882812,773.5804250669383,5.832402738188268,783.304531504533,759.2195110669434,100.0,4.277957529757247,0.1,0.01042938232421875,0.2615377902984619,0.041471086,0.016106647,774.2034362497027,-0.007550853838175053,7.729115812828493,100.0,9600,1.7919549942016602,8.526111388168763e-05,8.441895309910047e-05,783.322832938879,100.0
398,1.6229705810546875,775.1276599936494,6.480448527297857,783.302109721767,755.2325243593341,100.0,3.622478694945524,0.1,0.010699987411499023,0.349712610244751,0.04992446,0.021762215,774.2958586240975,-0.007495582600868679,7.744587750732464,100.0,9600,1.6849610805511475,0.0001060311003758871,0.00010310505010069377,783.361080307808,100.0
399,1.6073615550994873,775.7918322527986,5.196916514032321,783.3079320987865,763.1520295859824,100.0,4.06984969797663,0.1,0.00892782211303711,0.3019416332244873,0.04797998,0.022481332,774.4454559869677,-0.007519976005247095,7.751230023994753,100.0,9600,1.8367512226104736,6.806660147359289e-05,6.658896605041923e-05,783.3350520457557,100.0
400,1.6374998092651367,774.4980821289188,6.5009459951110555,783.3017995200971,755.2206211772425,100.0,4.047171689299329,0.1,0.009482145309448242,0.2746915817260742,0.045865715,0.017554147,774.4507186011627,-0.007541194146924497,7.738292139186409,100.0,9600,1.6963212490081787,9.940857891176554e-05,9.498841777451085e-05,783.3062819157074,100.0
401,1.6097028255462646,774.1201251212061,6.4603006373607705,783.2939798421253,751.1945500328499,100.0,3.7696523681720784,0.1,0.008149385452270508,0.30486059188842773,0.043815494,0.02100894,774.4176592531671,-0.007571047823959935,7.734512285509374,100.0,9600,1.7742459774017334,0.00010831793660243532,0.00011235581638054088,783.2884046424763,100.0
402,1.775069236755371,774.2483097379385,6.698960425675863,783.3205723263052,751.1811510468208,100.0,4.667930828705523,0.1,0.009373188018798828,0.3144259452819824,0.043022435,0.01724009,774.4007243016443,-0.007539647473130964,7.735793685860202,100.0,9600,1.7923073768615723,0.00012848439871909122,0.0001227013361285428,783.3502180196662,100.0
403,1.5982749462127686,775.4186479216442,5.547718863050939,783.3055594550874,759.2073136038983,100.0,3.927406191188036,0.1,0.009078025817871094,0.28284525871276855,0.045008406,0.018259779,774.5025166636444,-0.007501276053002863,7.747498723946997,100.0,9600,1.7826950550079346,9.515281374282373e-05,9.19460276035259e-05,783.3100630118328,100.0
404,1.5750563144683838,774.2474740203139,7.431774687672769,783.3151289542402,739.2019500395679,100.0,4.839049259031624,0.1,0.010445594787597656,0.27840137481689453,0.048704315,0.018928248,774.4770123993113,-0.00754780085990663,7.735785532473426,100.0,9600,1.907188892364502,0.00012988478544359862,0.00012755016929228758,783.3245703433951,100.0
405,1.6038472652435303,774.4991029109265,6.807094809934208,783.2948250712105,743.1466351828249,100.0,4.305228648185651,0.1,0.010090351104736328,0.29002809524536133,0.046895944,0.019507952,774.4792214504729,-0.007531901394966894,7.738718098605033,100.0,9600,1.8941590785980225,0.0001227147050961293,0.00011631105298417,783.2984683575,100.0
406,1.6170916557312012,775.2053896755027,5.472296036821535,783.3120423363484,759.2279508823867,100.0,4.126534884905771,0.1,0.010620594024658203,0.30193591117858887,0.04942532,0.023048118,774.5518382729758,-0.007551975017697607,7.745364691648969,100.0,9600,1.798659324645996,8.319769263669669e-05,8.402626116527881e-05,783.3368618208233,100.0
407,1.5543158054351807,773.3713342420284,6.990442256984226,783.3483306937069,755.2163090131677,100.0,3.948547085973374,0.1,0.010904788970947266,0.2620091438293457,0.045350444,0.018713964,774.4337878698811,-0.007559535311939214,7.727023798021395,100.0,9600,1.7716176509857178,0.00011135408577905315,0.00011458417825654407,783.3060425372211,100.0
408,1.6140975952148438,773.9086515941088,6.4613258897056465,783.3098061449672,759.1837507602174,100.0,3.3797508926392803,0.1,0.009188413619995117,0.30062150955200195,0.04588282,0.021262549,774.3812742423039,-0.007602225017686835,7.732397774982313,100.0,9600,1.7685902118682861,0.00011655263267974355,0.00011258666319650338,783.3103825579367,100.0
409,1.751171350479126,775.0009939832222,5.8469129414473215,783.3227644563227,755.1977875605385,100.0,3.6210050440504777,0.1,0.00864100456237793,0.29258131980895996,0.046598993,0.02050724,774.4432462163957,-0.007511851022199819,7.743321482311134,100.0,9600,1.9484057426452637,8.26584702156003e-05,8.179354293092314e-05,783.3235335817493,100.0
410,1.6131646633148193,775.0351402754401,6.050937080560808,783.3061936057235,755.2126768656225,100.0,4.185401853339072,0.1,0.009933948516845703,0.2822682857513428,0.047348186,0.01788816,774.5024356223001,-0.00758819732828573,7.743661802671714,100.0,9600,1.8742964267730713,0.00010547192509317987,0.00011172842732203983,783.3181887283441,100.0
411,1.5699207782745361,775.0825678135725,6.521829709754619,783.301681183453,755.1664983881068,100.0,3.972674131920972,0.1,0.009067773818969727,0.2896440029144287,0.047227256,0.021765282,774.5604488414274,-0.0075299263939794915,7.744136740272688,100.0,9600,2.006652593612671,0.00010660006646001974,0.00010129489063961155,783.3346338981333,100.0
412,1.5703613758087158,775.6647552862302,6.083297597440214,783.3035301414584,759.1893496971826,100.0,4.155112750112182,0.1,0.009354352951049805,0.34119343757629395,0.047420092,0.020984584,774.6708794859078,-0.007541994586011076,7.74995800541399,100.0,9600,1.7983288764953613,8.71814964668966e-05,8.433574297846e-05,783.3151913146248,100.0
413,1.602823257446289,775.3737358117269,5.859006151617539,783.2959343543196,755.1874516570876,100.0,4.066714694211795,0.1,0.011632680892944336,0.3017151355743408,0.044440232,0.016918385,774.7411651184897,-0.00753603913246374,7.747047294200869,100.0,9600,1.6567866802215576,0.00010145887613526616,9.886378545364583e-05,779.3412049183228,100.0
414,1.5901718139648438,774.1581026297948,6.633922853900304,783.2947539206567,747.1709410770832,100.0,4.122902745772002,0.1,0.009193181991577148,0.2973904609680176,0.04735889,0.019678362,774.6828588696202,-0.00760711507381582,7.734892884926185,100.0,9600,1.6802833080291748,0.00013037068033362983,0.0001304422034825869,783.3084203338509,100.0
415,1.5973305702209473,775.4984676876061,5.295901301932552,783.3097483570682,759.2224759985236,100.0,4.321622716552929,0.1,0.012218475341796875,0.29950881004333496,0.04482079,0.017710974,774.7644197514188,-0.0075375811634952284,7.748295752169838,100.0,9600,1.7888846397399902,8.725457477478402e-05,7.762384734484977e-05,783.3130281435966,100.0
416,1.5767490863800049,775.2884904269555,6.0837610961390345,783.3041096764583,755.2211613238899,100.0,3.333715312984031,0.1,0.010801553726196289,0.2926597595214844,0.046362124,0.019452497,774.8168268189726,-0.007554670170152179,7.746195329829848,100.0,9600,1.6814377307891846,8.843010293888107e-05,8.657900363306092e-05,783.3339748069461,100.0
417,1.765803575515747,775.2089812128271,4.996375899664518,783.3104446414385,763.2159584558347,100.0,3.8801713552478456,0.1,0.007965087890625,0.28786778450012207,0.042226434,0.017481482,774.856042258358,-0.007515390473866675,7.745401276192799,100.0,9600,1.5849483013153076,7.412425244274609e-05,7.627256184659821e-05,783.3278240945,100.0
418,1.6245629787445068,774.3657965693234,5.4617258674424605,783.2743129049252,755.2360882654319,100.0,4.013966774367794,0.1,0.013221025466918945,0.28861331939697266,0.04635476,0.020996714,774.8070176894546,-0.007615006937339149,7.736968326395993,100.0,9600,1.8144035339355469,7.755427294100783e-05,7.698269882849814e-05,783.3088243839296,100.0
419,1.6123321056365967,774.4143207242587,6.09973762113961,783.3282635509341,755.2108328168302,100.0,3.9464583475959194,0.1,0.013917207717895508,0.2997105121612549,0.046382383,0.016597955,774.767747992935,-0.007546378113064196,7.737453621886936,100.0,9600,1.9198276996612549,0.00010512504667767992,9.98633106724823e-05,783.3439718101698,100.0
420,1.572713851928711,775.9540616669747,6.012378557935517,783.3269483983128,755.2232513885763,100.0,4.053437216947462,0.1,0.009566068649291992,0.32096385955810547,0.04618741,0.018687041,774.886379360339,-0.007564409743608722,7.752852256923057,100.0,9600,1.7600796222686768,9.539872301702006e-05,9.835562009615852e-05,783.2959069783944,100.0
421,1.5667650699615479,775.0824980749961,6.011343176839819,783.3168634656047,759.1905312848684,100.0,4.717349307434825,0.1,0.010823726654052734,0.31874585151672363,0.04768676,0.019161152,774.9059912318047,-0.007530297831840081,7.744553035501493,100.0,9600,1.805436611175537,9.623501198633535e-05,9.401176142825394e-05,783.3136612481603,100.0
422,1.5909748077392578,774.9164886839066,7.087018804020283,783.3035463979484,751.1321415791539,100.0,3.375421127408754,0.1,0.00943446159362793,0.2986631393432617,0.04735454,0.022733955,774.907040977015,-0.007522803536464186,7.7428938631302024,100.0,9600,1.8327815532684326,0.00014862415532951374,0.00015196309995201086,779.3165710957481,100.0
423,1.56349515914917,775.4994876258796,6.226111175694569,783.3173341411007,755.1817887936838,100.0,4.3741202367809215,0.1,0.01105642318725586,0.2790718078613281,0.047918074,0.021166444,774.9662856419014,-0.0075262406669664,7.748307092666367,100.0,9600,1.669689416885376,9.184884558833483e-05,9.185581814283956e-05,779.3023385217689,100.0
424,1.6145505905151367,776.0053052531981,5.590961235847108,783.2983759062278,759.1740325201963,100.0,4.381566704381858,0.1,0.009066581726074219,0.2872023582458496,0.044322554,0.015899269,775.0701876030312,-0.007468698002430547,7.753364635330904,100.0,9600,1.612821340560913,9.327325682572413e-05,8.749268466140126e-05,783.3068250479115,100.0
425,1.7721803188323975,774.5372667547305,6.0412928008955005,783.3000189601335,751.2065432991781,100.0,4.042037744074062,0.1,0.009223461151123047,0.29096102714538574,0.048355598,0.019461153,775.0168955182011,-0.007565761819500181,7.7386842381805,100.0,9600,1.724898338317871,9.430407948404582e-05,9.59406578980909e-05,783.314414916751,100.0
426,1.653817892074585,776.0818242604851,6.2581015942871865,783.3044303651275,755.1908435865506,100.0,3.903620157763248,0.1,0.007947206497192383,0.27649497985839844,0.0464133,0.019831927,775.1233883924295,-0.007536163642854221,7.754130503023812,100.0,9600,1.8220956325531006,0.00011057693566551777,0.00010148378421900514,783.2957641736493,100.0
427,1.6053252220153809,775.0411861481392,5.40939694215511,783.3127342116566,755.1961786641864,100.0,4.520866271300129,0.1,0.009646892547607422,0.28525280952453613,0.04590871,0.01644525,775.1151681680005,-0.0075272137153116645,7.744139452951355,100.0,9600,1.723740816116333,0.00010840938923903,9.29611690858103e-05,779.2920186646907,100.0
428,1.583998203277588,774.7901183082851,5.871143164451058,783.3018810763608,755.1598133436268,100.0,4.162798591201398,0.1,0.010207176208496094,0.2824435234069824,0.046345484,0.019744284,775.082663182029,-0.007538468452358715,7.741211531547641,100.0,9600,1.8081345558166504,0.00010614475594159116,9.850058915056162e-05,783.3134996292272,100.0
429,1.591700553894043,774.826708256573,5.830525824879811,783.3060084195623,759.1903201380408,100.0,5.099333924845653,0.1,0.011102676391601562,0.28367066383361816,0.047176216,0.01763564,775.0570676894835,-0.0075889463815876175,7.741577720285079,100.0,9600,1.7664670944213867,9.286859042564585e-05,9.248623473719944e-05,783.2930492207098,100.0
430,1.5708122253417969,774.5839197452419,6.0596942248727235,783.3042336352004,755.1962347568227,100.0,4.58215622016115,0.1,0.011426687240600586,0.2841355800628662,0.048439525,0.019162538,775.0097528950594,-0.007517616758935772,7.739149049907731,100.0,9600,1.808664083480835,9.081143898847451e-05,9.021436584319855e-05,783.2991468880793,100.0
431,1.6487646102905273,774.9564564059469,6.240851150118088,783.318990344664,751.1531737564898,100.0,3.601482607876176,0.1,0.009283065795898438,0.2937812805175781,0.048465714,0.021846846,775.0044232461481,-0.007541705923596063,7.7428749607430705,100.0,9600,1.7631072998046875,9.43373120933215e-05,9.393517674214681e-05,783.3443186743586,100.0
432,1.6768264770507812,775.6701388907019,6.453973141527826,783.3007303793377,747.1863623479614,100.0,4.007272748246801,0.1,0.009467124938964844,0.29856014251708984,0.0485812,0.02217213,775.0709948106035,-0.007487533058142176,7.750429133608525,100.0,9600,1.9492952823638916,0.0001074748996262132,0.00011667389183485785,783.3057932639574,100.0
433,1.6115796566009521,774.5382275302069,6.230807552939545,783.298526709561,755.2439647055289,100.0,4.773457438421133,0.1,0.008296489715576172,0.2919032573699951,0.04723684,0.016799709,775.0177180825638,-0.007557202788938002,7.738692797211063,100.0,9600,1.693821907043457,0.00011529370826712992,0.00010930679926082875,783.3400002756003,100.0
434,1.6060771942138672,776.6685521804911,5.209169400928754,783.3254527171922,759.2025951061246,100.0,3.5308631064950413,0.1,0.009772300720214844,0.2941012382507324,0.048010428,0.02262078,775.1828014923566,-0.007502401317047131,7.759997598682953,100.0,9600,1.792607069015503,7.365425631072741e-05,6.881871165326269e-05,783.3469452908782,100.0
435,1.614621639251709,775.542846233731,5.706049942164513,783.3125875667774,763.2056064322982,100.0,4.848505842884092,0.1,0.009222984313964844,0.3189857006072998,0.04487219,0.018192504,775.218805966494,-0.007509514455108508,7.748740485544893,100.0,9600,1.4249927997589111,0.00010171841610261957,8.709452411768513e-05,783.31399537602,100.0
436,1.5741021633148193,775.2057666584233,6.661054684228817,783.3205219996479,751.2096859009035,100.0,4.086906214420726,0.1,0.009346961975097656,0.3018918037414551,0.047180988,0.019076604,775.217502035687,-0.007548708537941377,7.745367958128725,100.0,9600,1.8847007751464844,0.00011511714052765988,0.00011074629028597337,783.3452314226046,100.0
437,1.5955543518066406,775.6216297617897,6.2853628476970025,783.3132243617173,747.2261611163494,100.0,4.419777623807584,0.1,0.008491277694702148,0.30973029136657715,0.048690505,0.01939674,775.2579148082973,-0.007556818747763999,7.749526514585568,100.0,9600,1.9452214241027832,9.702437143323955e-05,9.571297274880998e-05,783.294875983402,100.0
438,1.5872852802276611,775.4172371585206,6.520457096990646,783.3351404532204,755.1877877025777,100.0,3.8026766152434375,0.1,0.010096073150634766,0.28640246391296387,0.04685144,0.022319743,775.2738470433196,-0.007516186162635209,7.747483813837365,100.0,9600,1.8051061630249023,0.00010684549380111043,0.00010501789565268169,783.3342958618703,100.0
439,1.712322473526001,774.7872434035829,6.667942353558835,783.29584470383,747.1734279223556,100.0,3.4573576788202014,0.1,0.009427070617675781,0.26752567291259766,0.043061897,0.022415126,775.225186679346,-0.007566528483433261,7.741183471516567,100.0,9600,1.936781406402588,0.00011594982492659304,0.00011628612766618004,783.3079437781572,100.0
440,1.730372428894043,775.6223378902076,6.724428049579735,783.3162908770931,755.2034061108196,100.0,4.5160174771483925,0.1,0.010841131210327148,0.2779533863067627,0.04677886,0.021360755,775.2649018004322,-0.007549332641170903,7.749534000692161,100.0,9600,1.7056434154510498,0.0001325936609230707,0.00013650115651531316,779.2925215687817,100.0
441,1.6234052181243896,775.3738852122659,5.9706612931294325,783.3283367658656,759.2143970074253,100.0,3.4863157240090095,0.1,0.009267807006835938,0.2936258316040039,0.041453023,0.021290405,775.2758001416156,-0.007533210662062136,7.747050122671271,100.0,9600,1.8945238590240479,9.009371464050332e-05,8.128709998576207e-05,783.3448026772558,100.0
442,1.587144136428833,774.8716396547899,5.869581354795514,783.2837042755955,759.2096866185445,100.0,4.118932929612973,0.1,0.009599924087524414,0.29784393310546875,0.047327425,0.022026291,775.235384092933,-0.007555471055881111,7.742027862277452,100.0,9600,1.6760458946228027,9.896808760386911e-05,0.00010024672876493463,783.2991724518446,100.0
443,1.666963815689087,774.9568580383648,6.049690642919799,783.2920292152885,755.1678266963306,100.0,4.621778657613885,0.1,0.009523153305053711,0.31670141220092773,0.044965975,0.016204635,775.2075314874762,-0.007537903241138815,7.742878763425527,100.0,9600,1.8964381217956543,0.00010593737085329004,0.00010401582196334365,783.270310578306,100.0
444,1.5825488567352295,775.9587618573314,5.702482242298999,783.3053212731228,759.1869392292957,100.0,3.302799585713821,0.1,0.009190082550048828,0.2817502021789551,0.044208985,0.02290153,775.2826545244617,-0.007517653596486908,7.75289901307018,100.0,9600,1.8732290267944336,9.034693575370128e-05,8.719672943735948e-05,779.2886614527562,100.0
445,1.6416282653808594,775.9540487906211,5.58270834010151,783.2925172507197,759.1704251081416,100.0,3.160135987207207,0.1,0.011026859283447266,0.2962796688079834,0.04514185,0.027412504,775.3497939510777,-0.007564878353124085,7.752851788313542,100.0,9600,1.6057393550872803,8.878558154060361e-05,8.753986770502413e-05,783.2897659713284,100.0
446,1.570835828781128,775.5796169624867,6.059374879742671,783.2870317897897,751.1836666746058,100.0,3.767793635727583,0.1,0.009212970733642578,0.29421257972717285,0.042429086,0.018649476,775.3727762522186,-0.007559768286356371,7.749106898380309,100.0,9600,1.8720645904541016,8.832854691772351e-05,9.05484134933662e-05,783.3221801032299,100.0
447,1.605085849761963,775.078552074519,6.01851520568043,783.3072974750827,755.1911144031815,100.0,4.143845622608299,0.1,0.009196996688842773,0.2899935245513916,0.04325875,0.01929511,775.3433538344487,-0.00757073667832317,7.744095929988343,100.0,9600,1.7251393795013428,0.00010555320222401216,9.865128855327658e-05,783.2874701115007,100.0
448,1.8038952350616455,776.2498295816532,5.549432473874054,783.316225958742,759.2013218752905,100.0,3.997470217825564,0.1,0.01092982292175293,0.2937772274017334,0.047829438,0.019810354,775.4340014091692,-0.007523439208931854,7.756226560791068,100.0,9600,1.5607197284698486,8.549878535317447e-05,9.095594957991483e-05,783.2983723597372,100.0
449,1.5929484367370605,776.5361785790441,6.383433710743065,783.304139878732,743.1523699160394,100.0,3.995308262524234,0.1,0.009339570999145508,0.28449296951293945,0.046186835,0.019640967,775.5442191261568,-0.007577894115155755,7.758672105884844,100.0,9600,1.8585331439971924,0.00010304632774432172,0.00010361785267878682,783.3201605056541,100.0
450,1.576542854309082,775.5409226603042,6.264909312831285,783.2978678422701,759.1927666670483,100.0,3.8637017918182193,0.1,0.009307384490966797,0.30882954597473145,0.043617956,0.018651143,775.5438894795716,-0.007530030258171863,7.748719969741828,100.0,9600,1.9882049560546875,0.00012503133998330486,0.00010406407497128897,783.29366638633,100.0
451,1.6067466735839844,775.2048950603138,5.471834813740439,783.2892217756764,755.2162401002046,100.0,3.6692333450014827,0.1,0.009247779846191406,0.2735331058502197,0.049237084,0.02367781,775.5099900376458,-0.007556130414127345,7.745777202919207,100.0,9600,1.765749216079712,8.169775018049598e-05,8.984306779492415e-05,783.3058383076858,100.0
452,1.6045935153961182,775.3686524966862,5.595801629039635,783.304759149668,759.1601032982597,100.0,3.6648032930382013,0.1,0.009871721267700195,0.288393497467041,0.03843664,0.016057167,775.4958562835499,-0.00758495242625118,7.747415047573749,100.0,9600,2.0087826251983643,9.254982184209558e-05,8.11604698807468e-05,783.3314874109988,100.0
453,1.5916240215301514,775.9978564909194,5.280316753473848,783.2901974975996,763.2294304771001,100.0,3.573813122987495,0.1,0.009397506713867188,0.2755911350250244,0.045403365,0.02234841,775.5460563042868,-0.0075434537783754555,7.753289879554958,100.0,9600,1.8094778060913086,7.847439341199949e-05,7.883314174813616e-05,783.2954271822215,100.0
454,1.6448798179626465,775.0345926965368,6.076471634897323,783.2962247545869,751.2272125465046,100.0,3.743481952110718,0.1,0.008529424667358398,0.3154752254486084,0.043458126,0.020124367,775.4949099435119,-0.007593292761472571,7.743656707238526,100.0,9600,1.9938197135925293,0.00010745852520894652,0.00011002722147545346,783.2974755260102,100.0
455,1.6335060596466064,774.4108449923134,6.336022257632673,783.3147518494548,747.1847749256799,100.0,3.7275836079063103,0.1,0.009379863739013672,0.2933824062347412,0.04662803,0.023213033,775.3865034483921,-0.007581420675668092,7.7374185793243315,100.0,9600,1.783850908279419,9.959771373503708e-05,9.21130110246018e-05,783.3126944389788,100.0
456,1.8147861957550049,775.1635789916636,6.227881206527135,783.3005820980474,755.2354878325958,100.0,3.8366175505531426,0.1,0.009231328964233398,0.28621530532836914,0.046303306,0.022655124,775.3642110027192,-0.007552618570800407,7.745364048095866,100.0,9600,1.9231243133544922,0.00010302727844874227,9.881698535298681e-05,779.324732217133,100.0
457,1.623624324798584,775.4545921791483,5.499640458109382,783.3105314258447,759.1896284948022,100.0,3.648847325072276,0.1,0.00920724868774414,0.26768040657043457,0.046999052,0.022591319,775.3732491203622,-0.007557657719163089,7.747859008947503,100.0,9600,1.815290927886963,8.488128424835562e-05,8.732742476896798e-05,783.3197529073791,100.0
458,1.6253535747528076,774.8289129537567,6.585026218858379,783.3069297324694,751.1814957761089,100.0,3.7799632782217323,0.1,0.010528564453125,0.2635064125061035,0.049320564,0.023417095,775.3188155037017,-0.007566157913019916,7.741600508753646,100.0,9600,1.8688254356384277,0.00011411584444766953,0.00011664066619846377,783.2655706433317,100.0
459,1.5860888957977295,776.250770746468,5.6110384372634625,783.3182475966624,751.2062904054167,100.0,3.784673048720286,0.1,0.009276151657104492,0.28055858612060547,0.043035686,0.018530542,775.4120110279783,-0.007513605527281301,7.755819727806052,100.0,9600,1.7990939617156982,0.00010404234499082386,9.171642892346956e-05,783.2979518572266,100.0
460,1.5955092906951904,775.4915894410998,5.54509170383046,783.2867830736983,755.219970935881,100.0,4.03803059455853,0.1,0.009193658828735352,0.27627062797546387,0.048840396,0.019937268,775.4199688692905,-0.007607321500558098,7.748226011832775,100.0,9600,1.822709560394287,7.635436895448931e-05,7.552205510314317e-05,783.2939878574355,100.0
461,1.5791387557983398,776.2025192978602,5.482607398745697,783.2901255156314,759.1472370062985,100.0,4.303100299210444,0.1,0.014378786087036133,0.28606581687927246,0.04769331,0.018998249,775.4982239121475,-0.007581484913332927,7.755335181753335,100.0,9600,1.7172393798828125,7.862566195020811e-05,7.780722518464363e-05,779.2793148566092,100.0
462,1.5865428447723389,775.6233583351226,5.934177262205429,783.3131280440859,759.1762210381266,100.0,4.160086398260357,0.1,0.008778810501098633,0.2901334762573242,0.04576424,0.021421527,775.510737354445,-0.007537622644300783,7.749545710689033,100.0,9600,1.7020189762115479,8.44846638532748e-05,8.582470329138556e-05,779.2669446308724,100.0
463,1.6068651676177979,775.8737371749668,6.047830199306945,783.3003571934323,755.2368263633882,100.0,3.413671346498462,0.1,0.011052608489990234,0.2991809844970703,0.04651735,0.023777612,775.5470373364973,-0.007533015842680718,7.752466984157318,100.0,9600,1.63698410987854,9.064727003478395e-05,8.244813586857585e-05,783.2732011018824,100.0
464,1.7909302711486816,776.2877569536204,5.08611267184079,783.3015194794448,759.2219868479561,100.0,4.303968597661361,0.1,0.009754180908203125,0.2936129570007324,0.04832172,0.028164856,775.6211092982096,-0.007561981188797058,7.756188018811201,100.0,9600,2.0000734329223633,7.053477792031569e-05,6.976905593964501e-05,783.297082787512,100.0
465,1.5808112621307373,775.2851528013935,6.246065673986886,783.2899180838541,755.1778675475854,100.0,4.222633956192086,0.1,0.00939488410949707,0.2723572254180908,0.04768927,0.02117032,775.587513648528,-0.007587949382054422,7.746162050617946,100.0,9600,1.6763713359832764,0.00010696736200172125,0.00011450817120124769,779.2877970891818,100.0
466,1.6117780208587646,775.4522777556102,5.283059440403672,783.2829103210132,759.205994576635,100.0,4.33022042838535,0.1,0.009484529495239258,0.2790374755859375,0.0449798,0.01912898,775.5739900592362,-0.007582318677164054,7.748251014656169,100.0,9600,1.858414888381958,9.128092653293086e-05,8.602968314560993e-05,779.2527201506643,100.0
467,1.580296516418457,775.5754162548901,5.714738341896418,783.3005594222999,755.2467181916827,100.0,4.097093237527994,0.1,0.008353710174560547,0.29756808280944824,0.048686456,0.02204914,775.5741326788016,-0.007601378191243388,7.749065288475424,100.0,9600,1.7038805484771729,9.013025309662678e-05,9.124887107413865e-05,783.3187955962569,100.0
468,1.596825122833252,775.2056309722178,6.2753776455487635,783.3062881248447,759.2222892167592,100.0,4.116379249739413,0.1,0.01089787483215332,0.31083226203918457,0.047212552,0.019886198,775.5372825081431,-0.007548926022610681,7.745367740644055,100.0,9600,1.9059863090515137,9.440082419601125e-05,9.828168622620485e-05,783.2957658181806,100.0
469,1.5675082206726074,776.4170058284698,6.178981026064973,783.316853259876,751.1944885642439,100.0,3.6094296623353435,0.1,0.009168386459350586,0.30424952507019043,0.043427568,0.022724023,775.6252548401758,-0.007519644502371102,7.757480355497628,100.0,9600,2.0077898502349854,8.47951381455036e-05,8.481822534047156e-05,783.2766726636729,100.0
470,1.5712459087371826,775.6653033205597,5.827136149651194,783.3324068207721,759.1981814434868,100.0,4.742949832104478,0.1,0.009290456771850586,0.29903316497802734,0.04661648,0.015915863,775.6292596882142,-0.007535166158067985,7.750381500508598,100.0,9600,1.824892282485962,9.360356850937691e-05,8.86273559284613e-05,783.2868902440814,100.0
471,1.6781079769134521,776.6296794743574,4.839911288994754,783.3189529354544,763.1883216445691,100.0,3.9001584456602605,0.1,0.009192943572998047,0.31220316886901855,0.047143534,0.019693973,775.7293016668285,-0.007474648408582241,7.760025351591419,100.0,9600,1.6759095191955566,7.665026309880521e-05,6.60745468660222e-05,783.321947095974,100.0
472,1.6076970100402832,776.8389211540954,5.743347619278661,783.3240978943423,755.1954372400279,100.0,3.7498633304997506,0.1,0.009295940399169922,0.2643589973449707,0.044653684,0.02065603,775.8402636155553,-0.007466299089570273,7.761700367577096,100.0,9600,1.5919594764709473,8.721885688834215e-05,8.702674308481263e-05,783.3125171770579,100.0
473,1.5659773349761963,775.6282867325177,7.044466769244046,783.3190252233668,743.1668158061191,100.0,3.7048184763150895,0.1,0.011804580688476562,0.28408145904541016,0.046875797,0.020478353,775.8190659272516,-0.007489239400321468,7.749594093933012,100.0,9600,1.8749887943267822,0.00010107596543334226,0.00011269966504060336,783.3215232083634,100.0
474,1.594224214553833,775.5391337124203,5.735864405611137,783.3042998166292,755.2386852581074,100.0,3.974918700821878,0.1,0.009462356567382812,0.2618904113769531,0.045719396,0.021669742,775.7910727057686,-0.007546143159651574,7.748703856840348,100.0,9600,1.7305731773376465,9.135294139634837e-05,8.322865269942349e-05,783.307285994986,100.0
475,1.607619285583496,776.6288407793166,5.984726084924627,783.3171644321642,755.2359305799375,100.0,3.84243621293628,0.1,0.009387016296386719,0.31549668312072754,0.045807518,0.02117711,775.8748495131233,-0.007483780449026936,7.759599552884306,100.0,9600,1.7889595031738281,8.298234488020652e-05,8.014564359206541e-05,783.3013124217373,100.0
476,1.5898082256317139,775.9961992294966,6.402187118501006,783.3116803022886,755.1636753289729,100.0,4.040788568263956,0.1,0.009655475616455078,0.29970407485961914,0.04341866,0.021141168,775.8869844847607,-0.007560008587752356,7.753689991412248,100.0,9600,1.8214685916900635,9.805885814183361e-05,9.939502896889287e-05,783.2803251086915,100.0
477,1.5961449146270752,776.3737952433236,5.290561830223541,783.3095238802638,763.22301303127,100.0,4.6759154337262,0.1,0.0070590972900390625,0.28691530227661133,0.0485584,0.019647712,775.9356655606169,-0.007532155124003387,7.7570511782093305,100.0,9600,1.7097523212432861,8.050464680878447e-05,8.151903510207647e-05,783.3013321000261,100.0
478,1.5764782428741455,775.5389768930941,5.853287644895451,783.2977563755754,755.1666004777451,100.0,4.02588883866478,0.1,0.009202957153320312,0.2827720642089844,0.04487182,0.0182138,775.8959966938647,-0.0075471397952469425,7.749119526871421,100.0,9600,1.8432683944702148,8.954398497547929e-05,8.963420607162055e-05,779.2885231529793,100.0
479,1.7525582313537598,776.2116106174589,5.4846445814079665,783.3255924640664,759.2168305027419,100.0,3.5434438892292395,0.1,0.013182878494262695,0.24533677101135254,0.046137776,0.02077989,775.9275580862242,-0.007489797375146045,7.755426869291521,100.0,9600,1.9085915088653564,7.834307136662255e-05,7.113284700716815e-05,779.2778308167017,100.0
480,1.6205108165740967,776.248314640195,6.175544536308977,783.3010786971187,751.2240278666118,100.0,3.9925391721894163,0.1,0.009348392486572266,0.31729936599731445,0.04912245,0.021197977,775.9596337416212,-0.007538695058046212,7.755794638275287,100.0,9600,1.8836472034454346,8.521732562952678e-05,8.215856080429696e-05,783.3015375949115,100.0
481,1.6505234241485596,775.6657283164814,6.085354928991903,783.3155512547632,755.1902316882067,100.0,4.003484385943588,0.1,0.009114265441894531,0.2815399169921875,0.046739228,0.021540869,775.9302431991073,-0.007531131800926791,7.749968868199073,100.0,9600,1.7986464500427246,9.008504938033657e-05,9.261520465547852e-05,783.3142826999128,100.0
482,1.5588734149932861,776.6241645835565,4.586508481369855,783.2993609729282,763.2243812245144,100.0,3.8232889794711857,0.1,0.007631778717041016,0.26116251945495605,0.048186295,0.022703901,775.9996353375523,-0.007530616134255299,7.759552717199078,100.0,9600,1.7397139072418213,6.872562815565308e-05,6.785493213723314e-05,783.2970219738031,100.0
483,1.6370658874511719,777.0433652514357,4.9764606949378,783.3189687109606,763.1811249041053,100.0,3.7866481563540786,0.1,0.010414361953735352,0.31563258171081543,0.04827973,0.02642934,776.1040083289407,-0.007504876952142101,7.763745123047858,100.0,9600,1.777514934539795,6.31579494960848e-05,6.2847035471908e-05,779.2842911939165,100.0
484,1.5973970890045166,776.3294154709771,5.998342065154613,783.3078784916814,755.1666602446916,100.0,3.783284645162527,0.1,0.01187896728515625,0.2576944828033447,0.04881418,0.022322034,776.1265490431445,-0.007561866930535909,7.756604799736131,100.0,9600,2.064863681793213,8.127431324377182e-05,7.970390980926705e-05,783.3205041315341,100.0
485,1.6487085819244385,776.2125276765855,6.333547933985961,783.3091948423573,755.1730307742914,100.0,3.912735919951961,0.1,0.009792089462280273,0.2599670886993408,0.048254956,0.023205735,776.1351469064886,-0.007480866319381535,7.755435800347286,100.0,9600,1.7690718173980713,9.927804466827588e-05,0.0001102494187655186,783.3180212606981,100.0
486,1.765329122543335,776.5423448789626,5.685892618687148,783.3062808155075,755.2261625023968,100.0,3.5323710894249802,0.1,0.009875297546386719,0.27680325508117676,0.045486487,0.022443764,776.175866703736,-0.007514991846260724,7.758735008153739,100.0,9600,1.6385252475738525,0.00010564893369441985,9.518626145131144e-05,783.3176040576114,100.0
487,1.7977757453918457,775.666946393629,5.944598018592218,783.2966577613885,755.2512015270697,100.0,3.412098448241356,0.1,0.00919485092163086,0.27934956550598145,0.04632415,0.022000942,776.1249746727253,-0.007519609701311293,7.749980390298688,100.0,9600,1.6982533931732178,9.257970033845754e-05,9.181346052049051e-05,783.3192720889501,100.0
488,1.5745604038238525,775.8324926358605,6.178793843696398,783.3217881914602,751.1870381923009,100.0,4.265863580384263,0.1,0.012642383575439453,0.29642820358276367,0.045732193,0.019506078,776.0957264690388,-0.007530816622991084,7.751635850043676,100.0,9600,1.579437255859375,8.597315369135428e-05,8.58173496914048e-05,783.3270159778518,100.0
489,1.642035722732544,776.418444970473,5.5809111043515705,783.3031512000985,763.1947123460899,100.0,4.457121739523692,0.1,0.009217500686645508,0.30271029472351074,0.048952486,0.020536892,776.1279983191823,-0.007504098618827809,7.757495901381172,100.0,9600,1.6241607666015625,7.386186211151434e-05,7.595638673567563e-05,783.3070318589289,100.0
490,1.5784351825714111,775.0779084284068,6.289437701771473,783.2966689540674,755.1941506529762,100.0,3.7601482999462728,0.1,0.009184598922729492,0.28351402282714844,0.048566174,0.021780562,776.0229893301048,-0.007575643938680665,7.744507689394655,100.0,9600,1.754730463027954,9.71943704987903e-05,9.940431500731446e-05,783.307975710804,100.0
491,1.5808947086334229,775.2423811338164,5.729737081268256,783.2909455461713,763.2096931244262,100.0,3.811358198443233,0.1,0.009778022766113281,0.2891418933868408,0.04733635,0.024130216,775.944928510476,-0.007598405754454036,7.74573492757888,100.0,9600,1.791515588760376,9.36724590307723e-05,0.00010344913883740497,783.3337991221113,100.0
492,1.5867481231689453,775.6187004394448,6.496845049626223,783.296073698807,755.1826099619846,100.0,3.4713225872410405,0.1,0.008082866668701172,0.28456568717956543,0.046543237,0.023984505,775.9123057033729,-0.007586262816788071,7.749497070516546,100.0,9600,1.6946775913238525,0.00012200089405428306,0.00011745392551503953,779.2781770236801,100.0
493,1.6190056800842285,776.2037123915603,6.034502289083125,783.3080125009957,755.188545928709,100.0,4.142081507597857,0.1,0.009759187698364258,0.26961851119995117,0.046199527,0.021999566,775.9414463721916,-0.007568612347323082,7.755348054319344,100.0,9600,1.848207712173462,9.147629565772835e-05,0.00010497718335987689,783.3311379470155,100.0
494,1.7609233856201172,776.3295847145822,5.38333464133894,783.321099391676,759.1980127907317,100.0,3.537137851278928,0.1,0.009260416030883789,0.2658536434173584,0.041858763,0.01963052,775.9802602064307,-0.007559553309530713,7.756607113357135,100.0,9600,1.7583842277526855,8.600391018721891e-05,7.628064500649355e-05,783.3049869864367,100.0
495,1.6544668674468994,775.9104867011206,5.948945491897656,783.308184422707,755.2164233413574,100.0,4.133469876745813,0.1,0.009184598922729492,0.29339599609375,0.04599122,0.017420424,775.9732828558997,-0.007584028792389095,7.752415971207611,100.0,9600,1.5690033435821533,9.223823646484379e-05,9.30724119712628e-05,783.2980885954348,100.0
496,1.575779914855957,775.2027457859232,5.912660888386473,783.3331127309168,747.1874845923923,100.0,3.872770549130613,0.1,0.009239912033081055,0.3001248836517334,0.04534861,0.018866096,775.8962291489021,-0.007577812883066093,7.745755520450267,100.0,9600,1.8174409866333008,9.73010605525888e-05,0.00011557987871588686,783.2993973529092,100.0
497,1.628086805343628,775.7091043630486,6.036477332993323,783.3140895069139,759.2211839282427,100.0,3.7150512694063855,0.1,0.009529829025268555,0.28438401222229004,0.043878153,0.021487318,775.8775166703167,-0.007513510232986422,7.75040315643368,100.0,9600,1.6671273708343506,0.00011510999209357088,0.00010027475495741346,783.2722733104534,100.0
498,1.5841174125671387,776.0394011253821,5.228751482157637,783.2964222436457,763.1972622209335,100.0,4.065594424001946,0.1,0.009415864944458008,0.3275594711303711,0.042642824,0.017931486,775.8937051158233,-0.007545795261478155,7.753704204738523,100.0,9600,1.788031816482544,8.853701451903778e-05,8.479965207423053e-05,783.2785020304783,100.0
499,1.603114128112793,775.8748571355505,5.771714656276488,783.3198302207121,751.173326830639,100.0,3.7056385297954635,0.1,0.009759902954101562,0.283064603805542,0.045861434,0.019420205,775.8918203177961,-0.007524296058665882,7.752059037274669,100.0,9600,1.525205373764038,8.022373209644691e-05,7.646071866080502e-05,783.2580469305249,100.0
500,1.630187749862671,776.0424343668947,5.773338190392688,783.3121841474541,759.2277119052997,100.0,4.146852205556495,0.1,0.009844303131103516,0.29160428047180176,0.049096055,0.021598054,775.906881722706,-0.007516012224391597,7.7537339877756075,100.0,9600,1.6305077075958252,7.937105117930473e-05,8.321348110351687e-05,783.2869946710932,100.0
501,1.7402479648590088,776.2083257323494,6.11706749877246,783.3303204838463,759.2034245175633,100.0,4.547885134222247,0.1,0.009877920150756836,0.3123347759246826,0.04415935,0.01790703,775.9370261236703,-0.007520500056340193,7.755812833276992,100.0,9600,1.944770336151123,0.0001025722081864518,9.884824661256163e-05,783.3009878042039,100.0
502,1.6060535907745361,775.7053765464207,5.609468394308021,783.3140036836188,763.2033291168574,100.0,3.64731754812094,0.1,0.01158452033996582,0.2920534610748291,0.045323417,0.021901442,775.9138611659454,-0.007552442006320669,7.750364224660346,100.0,9600,1.716655969619751,8.308681360758664e-05,8.609749295775e-05,783.2850555764318,100.0
503,1.6475365161895752,776.0832631637378,5.581144750935241,783.3175053533206,759.2118710235433,100.0,4.330741347288542,0.1,0.010068655014038086,0.2899599075317383,0.04930441,0.0214221,775.9308013657246,-0.007523553461550298,7.754143113205117,100.0,9600,1.8359448909759521,7.091488615727062e-05,6.861937483424275e-05,779.2866222357623,100.0
504,1.59659743309021,776.2008489131255,5.865819399518844,783.2886391698836,759.1792545646897,100.0,3.468079685041687,0.1,0.010440349578857422,0.31312060356140137,0.04613235,0.022924712,775.9578061204647,-0.007596787098849638,7.755319879567817,100.0,9600,1.7982418537139893,8.11464932827404e-05,8.063264497842383e-05,783.3489392055113,100.0
505,1.6359617710113525,775.7120283317387,6.916021134757948,783.2957159773213,755.2170638634324,100.0,3.890883905120301,0.1,0.009170770645141602,0.28269314765930176,0.04012844,0.0159907,775.9332283415921,-0.007484426507543679,7.75084890682579,100.0,9600,1.6708405017852783,0.0001286830574972728,0.00012711286770088182,783.2680667529139,100.0
506,1.591576099395752,775.9159919422955,6.279956986019007,783.3242380312007,755.1635707295579,100.0,4.435272209558268,0.1,0.007601499557495117,0.2655148506164551,0.04630178,0.017716648,775.9315047016626,-0.0075282980516892875,7.75247170194831,100.0,9600,1.9327926635742188,0.00011318175543773339,0.00011296731860615629,783.3150076087455,100.0
507,1.5888638496398926,776.8734076999218,5.690289681977307,783.3333837326578,763.1658327304656,100.0,3.457038651790545,0.1,0.012105941772460938,0.29878997802734375,0.045564964,0.020286446,776.0256950014884,-0.007538711318621505,7.762044622014712,100.0,9600,1.8811273574829102,8.977491747414386e-05,8.776355476893769e-05,783.3087262565765,100.0
508,1.6881120204925537,776.5433388207792,5.713155117969778,783.3015056989246,759.1804074742902,100.0,4.0579043814437,0.1,0.00934910774230957,0.29319262504577637,0.0476554,0.02216806,776.0774593834176,-0.007505319403481467,7.758744680596518,100.0,9600,1.772648811340332,8.129480658094952e-05,7.540483162144026e-05,783.3036165471243,100.0
509,1.7157132625579834,775.3729001604752,6.302134559592014,783.3125576250702,755.1888482826608,100.0,3.0491843766920708,0.1,0.009275436401367188,0.28795957565307617,0.04447525,0.021842359,776.0070034611234,-0.007542524425853063,7.747040808907481,100.0,9600,1.647357702255249,9.195880425507949e-05,9.420130413617945e-05,783.284004973841,100.0
510,1.5836045742034912,777.0464665525557,5.866337355245135,783.3007408611139,747.2158112622532,100.0,3.5223058335273034,0.1,0.011711359024047852,0.27500343322753906,0.047911942,0.02783249,776.1109497702666,-0.00747453862075258,7.763775461379248,100.0,9600,1.7552995681762695,7.071424752140128e-05,7.489790145921162e-05,783.2740811932504,100.0
511,1.5738883018493652,776.8346113038964,5.252720777947536,783.2994540356691,763.2018321712372,100.0,3.961056644456681,0.1,0.009137153625488281,0.2942221164703369,0.048312973,0.020974372,776.1833159236297,-0.007511064927313481,7.761655601739354,100.0,9600,1.6421465873718262,7.287431101782079e-05,6.661767344268449e-05,783.2668337037436,100.0
512,1.5618021488189697,775.2870236403115,5.658165599893152,783.3150728662448,755.2069057105182,100.0,3.8988769581791978,0.1,0.010052204132080078,0.287609338760376,0.045547433,0.020946402,776.0936866952978,-0.0075673799028935585,7.746182620097106,100.0,9600,1.6059603691101074,0.00010239527149731183,8.933523097818867e-05,775.290878990614,100.0
513,1.607503890991211,775.3681747670554,6.241609740766578,783.311943638837,755.18621749583,100.0,4.298275698192476,0.1,0.009247779846191406,0.33635473251342773,0.047925513,0.017193044,776.0211355024736,-0.007590855067650302,7.746992478265683,100.0,9600,1.9950878620147705,8.781495579759599e-05,0.00010063403795580538,783.2925707697334,100.0
514,1.6238760948181152,775.0777838566132,6.769488220511651,783.2875605739864,751.1804871999859,100.0,3.8017085737349223,0.1,0.011079549789428711,0.2645456790924072,0.046635207,0.019547164,775.9268003378876,-0.007577755189310878,7.7440889114773555,100.0,9600,1.763589859008789,0.00012696906366354486,0.00010683462748875552,783.2608104363308,100.0
515,1.5789353847503662,775.8710492499714,6.5800777102742,783.3189653823792,747.1859481773635,100.0,3.6471778129893053,0.1,0.009827375411987305,0.26553797721862793,0.04582828,0.020015586,775.921225229096,-0.007561535182051354,7.752021798151282,100.0,9600,1.6813890933990479,0.00011796877637830035,0.00011618040922433782,783.2729485559296,100.0
516,1.794090986251831,776.4203368964219,5.607387056615863,783.3043866373844,759.188531414657,100.0,3.7670161374018942,0.1,0.009231328964233398,0.3399388790130615,0.04664847,0.020670803,775.9711363958286,-0.007485649773307739,7.757514350226693,100.0,9600,1.5170538425445557,8.597460500343917e-05,8.562370636519457e-05,783.2733492987073,100.0
517,1.6288018226623535,775.955314090778,6.896815862275241,783.2962573657642,747.1757799443336,100.0,3.3774026319201225,0.1,0.009415626525878906,0.28501081466674805,0.04731199,0.021997647,775.9695541653235,-0.007553020125450824,7.752863646541215,100.0,9600,1.8005454540252686,0.00010654819620704606,0.00010745598124871995,783.2773210620628,100.0
518,1.5963168144226074,775.9110229014972,5.750897690243439,783.3232070170595,759.1712843418977,100.0,4.02366242228492,0.1,0.009215831756591797,0.2879805564880371,0.0479798,0.021204328,775.9637010389409,-0.007579021521476437,7.752420978478523,100.0,9600,1.8657805919647217,8.6992322457889e-05,8.58824748585156e-05,783.3151003523618,100.0
519,1.5835165977478027,775.6661779540422,5.944247994346692,783.3121887198033,763.1942005193791,100.0,3.295759505026325,0.1,0.009553670883178711,0.3231174945831299,0.045674212,0.02344943,775.9339487304511,-0.0075283026831815735,7.749971697316819,100.0,9600,1.7040905952453613,9.781304369145481e-05,9.772283290025733e-05,783.32198525868,100.0
520,1.5725061893463135,776.4131809027604,5.840427787460427,783.3041377054681,751.1988630276378,100.0,4.066524447545479,0.1,0.009191274642944336,0.2672746181488037,0.045992874,0.018416584,775.9818719476821,-0.007558376188540847,7.757441623811459,100.0,9600,1.9586687088012695,8.898228554869262e-05,9.146705895780539e-05,783.2911213402914,100.0
521,1.6230082511901855,776.8719560783338,6.113850689721852,783.3125831715206,755.1921140356085,100.0,4.04592777223867,0.1,0.009419679641723633,0.2748599052429199,0.047044102,0.01966999,776.0708803607472,-0.007553488570355652,7.762029844762978,100.0,9600,1.9959635734558105,8.518989378461116e-05,8.343077669211734e-05,783.3011364287681,100.0
522,1.5901174545288086,774.1994934390813,6.320776386294341,783.2927261240793,755.195290089549,100.0,4.063585361665715,0.1,0.014522790908813477,0.2597675323486328,0.047136534,0.01920898,775.8837416685806,-0.00760896065518795,7.735724372678145,100.0,9600,1.8248286247253418,0.00011541987890196045,0.00010088032115830928,783.2936077064395,100.0
523,1.5768711566925049,775.0355873818236,6.432790860496134,783.3115131822774,755.1640318354532,100.0,3.9488653280348562,0.1,0.009608745574951172,0.3015315532684326,0.04814221,0.021787057,775.798926239905,-0.007583362231558565,7.743666637768442,100.0,9600,1.7295165061950684,9.408389132000596e-05,9.135095535045204e-05,783.2627489161109,100.0
524,1.7134356498718262,777.0000103947058,5.424834575704582,783.3330569611009,759.223269608872,100.0,3.4061656038397587,0.1,0.009320735931396484,0.309800386428833,0.04641306,0.024338076,775.9190346553851,-0.007521614228117532,7.7637283857718815,100.0,9600,1.7560217380523682,8.201768770126953e-05,7.618711973594355e-05,783.3126548903645,100.0
525,1.5741722583770752,777.2904736394495,4.806444461612755,783.303727814633,755.1892200254413,100.0,4.031390618099385,0.1,0.009170770645141602,0.3093287944793701,0.048744652,0.019577043,776.0561785537915,-0.0075333616211251024,7.766216638378874,100.0,9600,1.8570713996887207,5.412962248604928e-05,5.3320506048437005e-05,783.3160791478476,100.0
526,1.5975666046142578,776.9515966447226,5.660085892775778,783.294743384768,755.1950497104664,100.0,3.563560953011875,0.1,0.009882450103759766,0.29891252517700195,0.04815304,0.025068248,776.1457203628846,-0.007588768027622834,7.762827898639043,100.0,9600,1.7282803058624268,7.832642211042635e-05,7.730021506094695e-05,783.3047098381384,100.0
527,1.563115119934082,775.2396332383872,6.3386077682931745,783.2900749851133,759.2111239605031,100.0,3.6822237132472764,0.1,0.007832765579223633,0.2759513854980469,0.045163844,0.022725455,776.0551116504349,-0.007626570646602336,7.745706762686731,100.0,9600,1.8641409873962402,0.0001065172553344218,0.00010473831716412593,783.2844784872194,100.0
528,1.601830005645752,774.6929762884619,5.895225234362572,783.2806632817457,759.1734177394067,100.0,4.227364744534136,0.1,0.010047435760498047,0.27848029136657715,0.047938485,0.02173046,775.9188981142377,-0.007674350031150194,7.740242316635516,100.0,9600,1.7040627002716064,9.878627745499306e-05,9.531860306115615e-05,783.2694749686715,100.0
529,1.5888783931732178,775.032821063429,6.24597049539709,783.2950956220019,755.1770629066339,100.0,3.7381622744420007,0.1,0.009288311004638672,0.26336121559143066,0.047628287,0.023652947,775.8302904091569,-0.0076102130176764725,7.743639786982324,100.0,9600,1.8867018222808838,9.533463051712052e-05,9.327111693891963e-05,783.3032870599172,100.0
530,1.5649333000183105,776.1156238959929,5.708649414966319,783.2798889745219,755.1580941590763,100.0,3.8990345563468276,0.1,0.009190797805786133,0.31359100341796875,0.04209385,0.01605816,775.8588237578405,-0.007616176722177503,7.754467156611156,100.0,9600,1.6897754669189453,8.847961829829844e-05,0.00010579224794020415,783.3000454637753,100.0
531,1.6180198192596436,775.7439854369842,6.157735291887854,783.2988554327759,751.1638180729673,100.0,4.450695854309791,0.1,0.010012388229370117,0.294525146484375,0.0481083,0.018193461,775.8473399257548,-0.00758304783615539,7.750750285497177,100.0,9600,1.770409107208252,0.00011014667774007321,9.077925104896056e-05,783.3168972870513,100.0
532,1.6590125560760498,776.5020979269243,5.150013997602346,783.3307111358968,763.1962417148258,100.0,3.7433871730070365,0.1,0.009189844131469727,0.29987120628356934,0.047227807,0.022477716,775.9128157258717,-0.007502059013683675,7.758331274319649,100.0,9600,1.8181829452514648,6.565080854500232e-05,6.355072095700955e-05,783.3146794013606,100.0
533,1.6330783367156982,775.9555096712265,5.613052362419215,783.3121517972536,759.1945793246329,100.0,3.9432572087918674,0.1,0.010141372680664062,0.28438448905944824,0.04777886,0.02017042,775.9170851204073,-0.007550234034002898,7.752866432632664,100.0,9600,1.7507529258728027,8.176715883937157e-05,8.14025572071487e-05,783.2738023973002,100.0
534,1.6039907932281494,775.8688587481596,6.321509420201928,783.3184861694263,747.1227413038176,100.0,4.035403411321873,0.1,0.009029150009155273,0.27763938903808594,0.042036973,0.016170274,775.9122624831825,-0.007582481657247693,7.752000851676084,100.0,9600,1.8071620464324951,9.505302806048936e-05,9.738866523247761e-05,783.283851471433,100.0
535,1.5861742496490479,775.7017751666691,5.812578934991551,783.2956774276904,759.1943262831742,100.0,4.080541711714065,0.1,0.00887298583984375,0.30416321754455566,0.0477655,0.020072239,775.8912137515313,-0.007587177128173629,7.75074615620516,100.0,9600,1.766150712966919,8.476186217647768e-05,8.178372683646031e-05,783.3122527255663,100.0
536,1.5733962059020996,774.7823450923751,5.009161252648979,783.2988503323946,763.1932125327946,100.0,3.5032847814598136,0.1,0.010016202926635742,0.2931387424468994,0.04679124,0.022974988,775.7803268856156,-0.007614630222121007,7.741135369777879,100.0,9600,1.8942792415618896,9.08003218137958e-05,8.977302504615869e-05,779.3150839282328,100.0
537,1.5737793445587158,775.0735942148208,7.014654981385289,783.3110543707762,755.175824446024,100.0,3.8633489201437405,0.1,0.011145591735839844,0.26756787300109863,0.04858806,0.02478804,775.7096536185362,-0.007620676830077879,7.7440459898365885,100.0,9600,1.8417532444000244,0.00011781241812999404,0.00011888706745180403,783.2423290071157,100.0
538,1.6842899322509766,776.6617567156103,5.144477154498738,783.293764989079,751.2005392600449,100.0,4.1271236618576825,0.1,0.01107168197631836,0.3035120964050293,0.048372146,0.02107388,775.8048639282437,-0.0075703666504013944,7.7599296333496,100.0,9600,1.7887415885925293,7.186411957837722e-05,7.012570021841278e-05,783.2759573752539,100.0
539,1.710829257965088,775.1956854230401,6.275405525881345,783.2897274419628,759.183957292497,100.0,3.3541180911680013,0.1,0.009177684783935547,0.314711332321167,0.047191896,0.02482957,775.7439460777233,-0.0076489916804271625,7.74526767498624,100.0,9600,1.6663446426391602,0.00010517447032875838,0.00010494976545583526,783.2862249146998,100.0
540,1.5919814109802246,775.8650622706155,5.215080054183555,783.2998644701851,759.2302999347879,100.0,3.7688804496958586,0.1,0.009152650833129883,0.2987799644470215,0.04805331,0.024471544,775.7560576970126,-0.007622257293615695,7.751961076039717,100.0,9600,1.6858909130096436,7.797765163865713e-05,7.525777911615727e-05,783.3031811278029,100.0
541,1.6210410594940186,775.9918082649441,5.120151420202908,783.307283270099,759.228447508136,100.0,3.4456224570559324,0.1,0.010122299194335938,0.2846660614013672,0.048364803,0.02298534,775.7796327538057,-0.007603885312644055,7.753229448020689,100.0,9600,1.8436365127563477,7.603447042268423e-05,7.688057638613199e-05,783.2642493090985,100.0
542,1.578042984008789,776.7887032847226,5.3496306756355,783.3015085633484,759.202298965502,100.0,3.972996783760896,0.1,0.009175539016723633,0.29315805435180664,0.047016166,0.019750945,775.8805398068974,-0.007551343358964159,7.761198656641036,100.0,9600,1.7552103996276855,7.459540094362106e-05,7.627214247550114e-05,783.2832382540657,100.0
543,1.6395251750946045,776.4965127491367,5.121366568597813,783.2930516485842,763.1893004592321,100.0,3.636445151926853,0.1,0.009449243545532227,0.3047676086425781,0.047828738,0.026775794,775.9421371011214,-0.007556851383327997,7.758276481950006,100.0,9600,1.6029586791992188,7.588109410402611e-05,7.26143311657042e-05,783.2773539904526,100.0
544,1.603090763092041,775.2850705665982,6.16319153215897,783.2999265690814,755.2145448591668,100.0,3.682407625077048,0.1,0.009206533432006836,0.2722666263580322,0.0492425,0.023358757,775.876430447669,-0.007588466728698681,7.746161533271301,100.0,9600,1.5535211563110352,0.00010020948253687943,0.00010909464785889465,783.308155542239,100.0
545,1.6174917221069336,776.5384241401156,4.9622770820912,783.304747079796,763.2083871975124,100.0,3.70122255328099,0.1,0.009757280349731445,0.3063163757324219,0.049724262,0.024655227,775.9426298169137,-0.0075529233157993455,7.759113743350869,100.0,9600,1.8572440147399902,9.055031556487838e-05,6.70840605998584e-05,779.2982219641646,100.0
546,1.6735427379608154,776.1167706629873,5.938306864649371,783.2918446820603,755.1685944364089,100.0,3.4077470770081013,0.1,0.011124610900878906,0.27355051040649414,0.043142695,0.020736339,775.9600439015211,-0.007603021560736144,7.754896978439263,100.0,9600,1.9642977714538574,9.968877642069533e-05,0.00010622612478199535,783.2921610945853,100.0
547,1.7993242740631104,776.8316277801138,5.221939989110022,783.2930219131898,763.2061544905378,100.0,4.683969386199268,0.1,0.010757207870483398,0.26030564308166504,0.047657885,0.01873836,776.0472022893804,-0.007539314456921242,7.761627352209746,100.0,9600,1.6816003322601318,9.16219395863666e-05,7.607944252630858e-05,783.3174651015687,100.0
548,1.5641210079193115,776.4061942414414,4.589454649557721,783.2872824037249,763.178189535197,100.0,4.774632925015747,0.1,0.010739803314208984,0.28588128089904785,0.043992985,0.014974542,776.0831014845865,-0.007625817997741645,7.757374182002259,100.0,9600,1.6164233684539795,6.313661219772512e-05,6.330538991090398e-05,783.3078511725149,100.0
549,1.57374906539917,776.3272649713617,5.189286904177914,783.311645045224,763.1941759414641,100.0,3.508642183683687,0.1,0.010372638702392578,0.28550124168395996,0.04234474,0.018953798,776.1075178332641,-0.007583248244130605,7.756583418422537,100.0,9600,1.6043171882629395,7.612084796954007e-05,7.401070658141055e-05,783.3001885212527,100.0
550,1.6380066871643066,775.3300788145425,6.822546086324197,783.3108439905084,751.2073816325012,100.0,3.831929018078912,0.1,0.009295225143432617,0.3056490421295166,0.045660917,0.019953813,776.029773931392,-0.007556061067115565,7.746610605599552,100.0,9600,1.8566091060638428,0.00010606462728486218,0.00010300232808465807,783.3000129603677,100.0
551,1.584486722946167,775.4067816463239,6.095376353632466,783.2863227474882,755.1598909588841,100.0,3.349281340261525,0.1,0.009855985641479492,0.2799360752105713,0.04467693,0.021367049,775.9674747028852,-0.007621209590015682,7.747378790409983,100.0,9600,1.7504394054412842,8.961392765600531e-05,9.166563684043417e-05,783.3336533779697,100.0
552,1.6158185005187988,776.7078151640671,4.9186771723531475,783.3103281923865,763.2110983600058,100.0,3.6135584200743067,0.1,0.009833097457885742,0.2610330581665039,0.041972365,0.01788658,776.0415087490034,-0.0075274581058700045,7.760805875227464,100.0,9600,1.991602897644043,7.410971164928047e-05,6.634322523523315e-05,783.3044043827579,100.0
553,1.5597436428070068,775.9538354707414,5.211667603807643,783.3033069178368,759.1966324337554,100.0,4.31021021029155,0.1,0.009454488754272461,0.2900972366333008,0.047362793,0.019124204,776.0327414211771,-0.007566489068356066,7.753266844264978,100.0,9600,1.581308364868164,7.291032579723677e-05,8.306043586442663e-05,783.3099005309574,100.0
554,1.6041996479034424,776.5809661182917,5.508129721729442,783.3057770254806,755.2055938630552,100.0,4.222515280764303,0.1,0.009223699569702148,0.2886161804199219,0.04623761,0.015144595,776.0875638908885,-0.0075457188530286615,7.759120947813638,100.0,9600,1.9533650875091553,0.00010178689073175537,8.523115154145061e-05,783.3051124868947,100.0
555,1.769958257675171,776.5355218134376,4.685558143559582,783.2941003284099,763.1686105977848,100.0,4.4871057113854995,0.1,0.009629249572753906,0.3212912082672119,0.049846817,0.022121511,776.1323596831435,-0.007585147990664801,7.7586648520093355,100.0,9600,1.6935195922851562,5.8152401527876325e-05,5.6913202481720066e-05,783.2262414102918,100.0
556,1.5852165222167969,776.492652823727,6.018475409784176,783.2946070268205,751.1904554052743,100.0,4.096032000375005,0.1,0.008004903793334961,0.27530598640441895,0.048140038,0.023566734,776.1683889972019,-0.007595158887599702,7.7586548411124,100.0,9600,1.742525577545166,9.427176604574883e-05,9.791287458217587e-05,783.2708725790106,100.0
557,1.5766592025756836,776.4093212741136,6.20538606877682,783.3000782835599,755.1725407006297,100.0,4.2976775059342005,0.1,0.009321451187133789,0.27323007583618164,0.046803247,0.019251926,776.1924822248931,-0.007596184663784281,7.7574038153362155,100.0,9600,1.7788281440734863,9.33920841812723e-05,9.296656438674427e-05,783.2576653662953,100.0
558,1.6000828742980957,775.2395271786976,6.232888329245769,783.2925306388231,759.1698430614521,100.0,4.047556682836557,0.1,0.009123563766479492,0.311509370803833,0.046947382,0.01738701,776.0971867202735,-0.007627176233645801,7.745706157099687,100.0,9600,1.8734703063964844,0.00010624865666220102,0.00011274664830630891,783.301781868003,100.0
559,1.5769171714782715,776.0328438164182,5.326926388970009,783.2945583664994,759.1802321143135,100.0,4.23278810377176,0.1,0.009318828582763672,0.28109264373779297,0.042498954,0.017192733,776.090752429888,-0.007610135504264248,7.753639864495735,100.0,9600,1.780379056930542,7.102332898302263e-05,7.035713008790542e-05,783.2755793689984,100.0
560,1.6039025783538818,775.2778899789473,6.275230213808021,783.288430271934,755.1854532441954,100.0,4.463830032466805,0.1,0.011482477188110352,0.2975649833679199,0.04886961,0.020942938,776.009466184794,-0.007659169373792123,7.746507497292875,100.0,9600,1.6416707038879395,0.00010925950373312164,0.00010022805938876229,783.320479722488,100.0
561,1.5506820678710938,776.6562120221844,6.071153650226353,783.3064555484,759.1563219320942,100.0,4.65831740883004,0.1,0.010474443435668945,0.28634142875671387,0.048701014,0.018775055,776.074140768533,-0.007626550843263625,7.760290115823402,100.0,9600,1.744671106338501,9.49290263330117e-05,9.999041426562733e-05,783.2859755180547,100.0
562,1.7116289138793945,776.8736378232861,5.570432635821769,783.2983351704377,759.1850164175625,100.0,4.374073277402673,0.1,0.006021976470947266,0.14572763442993164,0.049402542,0.01942683,776.1540904740083,-0.007535974357761451,7.762047358975572,100.0,9600,1.785926342010498,8.83393366554943e-05,7.450418950966156e-05,783.2925841889579,100.0
563,1.5812630653381348,775.7849704175084,6.198943028999383,783.3021748946883,759.1777981578646,100.0,3.716563912129287,0.1,0.009215831756591797,0.2965974807739258,0.04441023,0.02185913,776.1171784683584,-0.007590149766054005,7.751159850233946,100.0,9600,1.99503493309021,8.926472277820177e-05,9.037693554525928e-05,783.2814251994643,100.0
564,1.59596586227417,775.9867383631263,6.583726696104288,783.3018919027642,755.1754963469278,100.0,3.1810289639435494,0.1,0.00933694839477539,0.28153443336486816,0.0463455,0.025786297,776.1041344578351,-0.007654636259426822,7.753178697073907,100.0,9600,1.7738442420959473,0.00011759613181175092,0.00012348727951259328,783.3118929708814,100.0
565,1.5890507698059082,776.1655595294247,5.478746511463594,783.2971913796605,759.2017023193139,100.0,4.35611207244336,0.1,0.011836767196655273,0.2824246883392334,0.049178004,0.020523986,776.1102769649941,-0.007532942230042396,7.754967057769957,100.0,9600,1.8841197490692139,7.878605990083325e-05,7.440289804399123e-05,783.3023989367355,100.0
566,1.56886625289917,777.1644792643195,5.899529222578066,783.3079625423989,759.1804286978465,100.0,3.76332806202649,0.1,0.009491443634033203,0.32396578788757324,0.047940124,0.022109484,776.2156971949266,-0.00754309362140215,7.765373573045264,100.0,9600,1.8775246143341064,9.050368345446698e-05,8.814773807435826e-05,783.308496833982,100.0
567,1.5879714488983154,776.5406467259713,5.628090380928457,783.3032586616349,759.2287937083192,100.0,4.363327719738142,0.1,0.012145757675170898,0.306276798248291,0.047840904,0.018618116,776.2481921480312,-0.007532113710831738,7.758717886289169,100.0,9600,1.8237583637237549,7.931395344826017e-05,7.752809775797718e-05,783.2942352465385,100.0
568,1.5915987491607666,776.9961968713833,5.264966695617487,783.3045807398073,763.1757393703401,100.0,3.8342807810711186,0.1,0.009217977523803711,0.26218295097351074,0.04797179,0.020992463,776.3229926203664,-0.007559111724673338,7.764107554941994,100.0,9600,1.9681057929992676,7.709370335098623e-05,7.703359383101547e-05,783.2924811602909,100.0
569,1.5965557098388672,776.0813011468325,4.976450054291291,783.2982220463671,759.1943011026667,100.0,3.7521810115200003,0.1,0.008596181869506836,0.30352020263671875,0.04685645,0.019941438,776.298823473013,-0.0075441321943121075,7.754122534472354,100.0,9600,1.998044490814209,6.139554528673828e-05,7.173973040343088e-05,783.2783469933047,100.0
570,1.6679668426513672,776.4932656850993,5.407204361452083,783.3037907953503,755.2113198872676,100.0,3.68238495430433,0.1,0.011051654815673828,0.2925832271575928,0.048025034,0.021717459,776.3182676942217,-0.007588633374365578,7.758244699958968,100.0,9600,1.7540674209594727,9.138360766444656e-05,7.157677611727958e-05,783.2780902960218,100.0
571,1.621769666671753,775.5370517339761,6.505485655421592,783.2896859115183,751.1782886951075,100.0,4.100898372896147,0.1,0.009195089340209961,0.2835724353790283,0.047307655,0.020352094,776.2401460981972,-0.007568250604904477,7.748681749395096,100.0,9600,1.6767401695251465,0.00011898295334679256,0.00011151679061697813,783.3130278571323,100.0
572,1.5580031871795654,775.0760585977869,6.148420054524828,783.3020507279999,759.2037073338707,100.0,4.02705551178877,0.1,0.014735937118530273,0.3098323345184326,0.047973022,0.02139626,776.1237373481562,-0.00759470261981252,7.744071964046856,100.0,9600,1.853027105331421,9.468173776454058e-05,0.00010752137648745313,783.3061640072432,100.0
573,1.6121041774749756,776.455664984459,4.702854146525905,783.3003275244009,763.2192107648467,100.0,3.885256942450737,0.1,0.009300947189331055,0.2789924144744873,0.046945818,0.021264138,776.1569301117864,-0.007549170506278986,7.7578674961603875,100.0,9600,1.8057799339294434,6.937317908791823e-05,6.78414357253606e-05,783.3045167824058,100.0
574,1.5624632835388184,776.8729591949663,5.572576046184939,783.3263330282064,755.1792632501323,100.0,3.8606743777590857,0.1,0.012281417846679688,0.26937055587768555,0.0476824,0.019416194,776.2285330201044,-0.007542619540379432,7.762040713792955,100.0,9600,1.8535029888153076,7.593078931218984e-05,7.645479445616802e-05,783.3011054886533,100.0
575,1.597022533416748,776.9177965425357,5.4548897288633755,783.319545106119,759.1656389260955,100.0,4.302671632663993,0.1,0.009392023086547852,0.3077392578125,0.04560491,0.018928843,776.2974593723475,-0.007511778521611607,7.762488221478388,100.0,9600,1.8573286533355713,7.646658413992676e-05,7.303449203720164e-05,779.3044241569248,100.0
576,1.6087610721588135,776.6671811480237,6.0166105763789295,783.3149868355031,755.1796070022149,100.0,4.466846688856838,0.1,0.009388208389282227,0.28083157539367676,0.046989787,0.017534235,776.3344315499152,-0.007516887424019435,7.759983112575981,100.0,9600,1.6405589580535889,8.78649400148737e-05,8.831620381050662e-05,783.3277183164354,100.0
577,1.7407596111297607,777.0022025592771,5.663505244040975,783.3081404057999,755.2137816823343,100.0,4.208872707904794,0.1,0.009317159652709961,0.31936168670654297,0.049993552,0.019645749,776.4012086508515,-0.007499780583370405,7.7633335527499625,100.0,9600,1.7059319019317627,7.881337345529703e-05,7.824713833549375e-05,783.3309034171924,100.0
578,1.7551186084747314,775.7087499210869,6.176312450425663,783.3277179811811,755.1966079434951,100.0,3.965511406820076,0.1,0.009929418563842773,0.28660106658935547,0.04788256,0.023606662,776.331962777875,-0.007517791851945049,7.7503988748147234,100.0,9600,1.768153429031372,0.00011023700508146393,9.879171274288115e-05,783.2414043968175,100.0
579,1.580854892730713,776.160980685608,5.354478032959099,783.2997086865928,759.181082926815,100.0,4.51062816915362,0.1,0.008174896240234375,0.3078014850616455,0.047245897,0.020627277,776.3148645686483,-0.007579813069428021,7.754920186930572,100.0,9600,1.7940738201141357,8.594045348290564e-05,9.402857343747613e-05,783.292794079753,100.0
580,1.5674221515655518,777.2878878260289,4.738770622918407,783.2962122446353,763.2322668980107,100.0,3.463104093405268,0.1,0.010352611541748047,0.31201720237731934,0.047485776,0.024190659,776.4121668943865,-0.007560071879686378,7.766189928120313,100.0,9600,1.7787060737609863,7.161177871936832e-05,6.734933232054968e-05,783.2901866945706,100.0
581,1.6389744281768799,776.2106498845402,5.424970333351102,783.299439927657,755.1994911428199,100.0,4.1949470615134885,0.1,0.0071027278900146484,0.3058795928955078,0.045033284,0.017555587,776.3920151934019,-0.007498978859160121,7.755417687807506,100.0,9600,1.8187835216522217,7.877494330554018e-05,7.441046475905848e-05,783.2923837430077,100.0
582,1.571333408355713,775.666041446675,6.562970719228395,783.3200383277674,755.190751972733,100.0,3.44652440236831,0.1,0.011411428451538086,0.27369165420532227,0.048287924,0.02640227,776.3194178187292,-0.007527107240831579,7.74997289275917,100.0,9600,1.8509392738342285,9.931544382337137e-05,0.00010628098856550287,783.2829064039332,100.0
583,1.584524154663086,776.2907205099976,5.1876964561640335,783.2945653410476,755.1784519744241,100.0,3.9313424601260105,0.1,0.009273052215576172,0.2992866039276123,0.047247317,0.020092456,776.3165480878561,-0.007531998342512765,7.756218001657487,100.0,9600,1.7385120391845703,8.731223346598364e-05,8.124355544910291e-05,783.2957275909785,100.0
584,1.6217126846313477,776.3769395242128,4.82733871327149,783.293134821516,763.2138673623666,100.0,4.757022582396019,0.1,0.01017618179321289,0.3088870048522949,0.045058765,0.017297134,776.3225872314918,-0.007503923720574938,7.757079409612758,100.0,9600,1.7074577808380127,6.599025628148125e-05,6.207905140057593e-05,783.2946892488462,100.0
585,1.699702262878418,777.1681778511233,5.488314709866634,783.3219376232726,763.2351555192879,100.0,3.7599423447757334,0.1,0.009744644165039062,0.2968573570251465,0.047687557,0.02174582,776.407146293455,-0.0075080968049490715,7.7649919031950505,100.0,9600,1.717599868774414,7.920020193553901e-05,9.050439053002744e-05,783.2992322184557,100.0
586,1.7787926197052002,776.6649799664125,5.337614823020831,783.2973544865177,759.2140662598969,100.0,4.187800299907807,0.1,0.01170802116394043,0.27579569816589355,0.047390003,0.020531159,776.4329296607508,-0.007539306373756819,7.760377360292909,100.0,9600,1.8876714706420898,8.554473768846887e-05,7.288793630449316e-05,783.3078408618936,100.0
587,1.600884199142456,776.2504988656923,5.905846160292967,783.3056038393984,763.1880314309283,100.0,4.340073062868679,0.1,0.00973820686340332,0.31407999992370605,0.048213053,0.02122965,776.414686581245,-0.007517352933254794,7.755815980400079,100.0,9600,1.5443174839019775,9.6674941026748e-05,9.708022032966505e-05,783.284763065208,100.0
588,1.6060795783996582,777.1284291992694,5.395051185853263,783.3034965802608,759.1872215239559,100.0,3.6415228387871945,0.1,0.009310245513916016,0.3009188175201416,0.04532566,0.020617476,776.4860608430474,-0.007487246546805874,7.764596086786528,100.0,9600,2.029554843902588,6.56900399074937e-05,6.45697331079668e-05,783.2959620489443,100.0
589,1.6282696723937988,776.0016353171915,6.42997819179155,783.3032588624005,751.1745215763775,100.0,3.4757426961249775,0.1,0.011969566345214844,0.32100558280944824,0.046832602,0.022685047,776.4376182904618,-0.0075054802393006124,7.753327853094032,100.0,9600,1.952796220779419,0.00011724894199579059,0.0001227951952781916,783.3424568686171,100.0
590,1.6010956764221191,776.7936084865645,5.851827268503787,783.3108239692559,755.2109451282381,100.0,3.8752070328244055,0.1,0.00948476791381836,0.29354047775268555,0.04763441,0.022973297,776.4732173100721,-0.007502743214063999,7.7612472567859365,100.0,9600,1.855682373046875,8.576263601300117e-05,8.712859722561324e-05,783.3148241272401,100.0
591,1.5789501667022705,776.7099505009319,5.050935280055102,783.325824110996,763.2537208441901,100.0,3.5142624949487726,0.1,0.009397506713867188,0.32166576385498047,0.046685148,0.021109242,776.4968906291581,-0.0075059243259845655,7.760410742340682,100.0,9600,1.532043695449829,7.427585345964566e-05,7.54949079520029e-05,783.3008051351134,100.0
592,1.6411902904510498,775.9573182476207,5.076325686956462,783.2986701841792,763.2263806728515,100.0,3.4132970376159717,0.1,0.009517669677734375,0.33136773109436035,0.04683834,0.02323683,776.4429333910044,-0.007532551518135327,7.752884115148532,100.0,9600,1.7562882900238037,7.106297009528517e-05,6.925074649085717e-05,783.3110002858198,100.0
593,1.6708977222442627,777.1739882155474,5.52178523590258,783.3035615687534,759.178020585065,100.0,3.8489453206814024,0.1,0.009226799011230469,0.28832006454467773,0.045687225,0.018233838,776.5160388734588,-0.007447142399368868,7.765052857600632,100.0,9600,1.813905954360962,8.164805954508241e-05,8.251027533559863e-05,783.3090397481905,100.0
594,1.5902230739593506,775.87384383198,6.0791104495135375,783.2956611454665,759.1346074449281,100.0,4.026411557916204,0.1,0.010847091674804688,0.2949674129486084,0.044623036,0.023547662,776.4518193693109,-0.0075325038776132515,7.752467496122386,100.0,9600,1.882859706878662,0.00012330851115679417,0.00010797429277718882,783.3020061385681,100.0
595,1.5848021507263184,775.8316942022433,6.471840767671417,783.3162535725264,747.170831263885,100.0,4.124413419290026,0.1,0.009452104568481445,0.29348325729370117,0.048275527,0.024607353,776.3898068526041,-0.007537742824448387,7.751628923842219,100.0,9600,1.609288215637207,0.00011003625564328164,9.309590140378998e-05,783.2972051360417,100.0
596,1.6056277751922607,776.0427629265469,5.687775990159729,783.3100003947599,755.2287873176219,100.0,3.5535592785716394,0.1,0.011709213256835938,0.30303478240966797,0.04572644,0.021261137,776.3551024599984,-0.007511820652716578,7.753738179347283,100.0,9600,1.8650805950164795,8.96829145858663e-05,9.09365045522292e-05,783.3256421417108,100.0
597,1.5909502506256104,777.1319054551305,4.910262536421972,783.3236922695005,763.20419089129,100.0,4.0153880815550425,0.1,0.008648872375488281,0.29851198196411133,0.044194903,0.020533618,776.4327827595116,-0.007452847355314472,7.764630485978017,100.0,9600,1.669541835784912,7.38782207760509e-05,7.32053377379347e-05,783.2889238276516,100.0
598,1.5970418453216553,775.8776180023,5.403730809195709,783.3107538625744,759.2246412529315,100.0,3.800109291600523,0.1,0.009122610092163086,0.29613590240478516,0.048936803,0.028369235,776.3772662837905,-0.007496940317650917,7.752086393015683,100.0,9600,1.8039491176605225,0.00010808261327556703,8.75806023011146e-05,783.2806446114305,100.0
599,1.5843265056610107,777.4988814514418,5.1697675738526625,783.3007029398435,759.2483692893273,100.0,4.758622706272683,0.1,0.010700225830078125,0.30986785888671875,0.04878444,0.01823226,776.4894278005556,-0.007533801956020825,7.768299531377313,100.0,9600,1.8829267024993896,6.062045132358408e-05,6.311042670945718e-05,783.3082745023277,100.0
600,1.5908889770507812,776.2863191918414,6.102456296298538,783.290404066653,751.1920843683914,100.0,3.513374992848737,0.1,0.009462118148803711,0.27097582817077637,0.046877403,0.021089207,776.4691169396842,-0.007575453613738947,7.756174546386262,100.0,9600,1.9780101776123047,8.697354828402492e-05,8.675837851536476e-05,783.3058665032404,100.0
601,1.634305477142334,777.6255424491474,5.000328092865108,783.303928564463,767.1980879243383,100.0,3.673061378211671,0.1,0.009941577911376953,0.2650117874145508,0.046231046,0.020995235,776.5847594906306,-0.00751525211177443,7.769984747888224,100.0,9600,1.7901928424835205,7.136411875558711e-05,7.16381287714316e-05,783.2980415858278,100.0
602,1.6181457042694092,777.0452967736495,5.485498737382102,783.3128595154672,759.2251864902047,100.0,3.8782303553875295,0.1,0.00917506217956543,0.27970218658447266,0.04706028,0.020896487,776.6308132189325,-0.007487370695889731,7.763762629304111,100.0,9600,1.848332166671753,8.544074747540518e-05,8.29636650013107e-05,783.2264221687751,100.0
603,1.5735688209533691,776.2091496785124,5.662817600976929,783.3107268943395,763.2258957526067,100.0,3.383094229710377,0.1,0.009466886520385742,0.31348109245300293,0.043438617,0.019195404,776.5886468648905,-0.007512726953945653,7.755403939712721,100.0,9600,1.622520923614502,7.896744166909186e-05,7.757136920047476e-05,783.3073838947826,100.0
604,1.5856654644012451,777.5886446535151,3.9134240884455505,783.3113010809486,767.2175829900322,100.0,4.578779558330683,0.1,0.010342836380004883,0.29180121421813965,0.046899807,0.016685117,776.688646643753,-0.007469200680635789,7.769197465986031,100.0,9600,1.5344188213348389,4.9381808350229154e-05,5.0572649536656574e-05,783.2539400185526,100.0
605,1.6167302131652832,776.3759551231702,5.62956324594104,783.3094454183081,759.2112466179295,100.0,3.829210779262707,0.1,0.009195327758789062,0.27236199378967285,0.04687431,0.01845931,776.6573774916948,-0.007512586468933346,7.7570707468644,100.0,9600,1.714601755142212,8.443097434388505e-05,7.713405008565547e-05,783.3010667027357,100.0
606,1.5892724990844727,777.7092702911291,5.219175879490839,783.3192098460282,755.2336384012398,100.0,3.5740218675583586,0.1,0.009351491928100586,0.2676553726196289,0.04779643,0.02177955,776.7625667716383,-0.007512476831671823,7.770404189834995,100.0,9600,1.67507004737854,5.671157534773446e-05,6.334696328447921e-05,779.2992461613827,100.0
607,1.5968892574310303,776.8328251188435,5.564724917561567,783.3107605811565,759.1705832457553,100.0,4.165464096526508,0.1,0.009168386459350586,0.2819206714630127,0.046455264,0.015825156,776.7695926063589,-0.007527101667475392,7.761639564999192,100.0,9600,1.5211634635925293,7.854770066881063e-05,7.348972679292837e-05,783.240734336931,100.0
608,1.802353858947754,777.6671656428747,4.537245028554447,783.3005203834762,763.195187517267,100.0,4.321993161052097,0.1,0.007166862487792969,0.31630754470825195,0.04533461,0.019855827,776.8593499100105,-0.007518429212135314,7.769981570787865,100.0,9600,1.8480651378631592,5.2738128870458916e-05,5.06762474166961e-05,783.2783148283442,100.0
609,1.58217191696167,777.7871290982612,5.114457466043751,783.2973374821918,763.1715965785771,100.0,5.011767517951668,0.1,0.009232759475708008,0.280606746673584,0.0481262,0.01651097,776.9521278288356,-0.007568708455350372,7.77118129154465,100.0,9600,1.5215861797332764,6.652537429871613e-05,6.668213741872697e-05,783.2425928056886,100.0
610,1.6205294132232666,775.5762820004926,5.660336089768965,783.3038252970964,755.175379577519,100.0,4.275899748394713,0.1,0.018445253372192383,0.28542065620422363,0.044437326,0.0163915,776.8145432460013,-0.007593730515691917,7.749072936150974,100.0,9600,1.9238109588623047,0.00010694683191329215,9.732101958293498e-05,783.2834706030042,100.0
611,1.6032130718231201,777.0810682382354,5.009539729426264,783.3068655778978,763.193541686272,100.0,3.767387583355063,0.1,0.009168148040771484,0.2896544933319092,0.045079697,0.01981856,776.8411957452247,-0.007545353701450974,7.764121312965215,100.0,9600,1.7893660068511963,7.500536052407784e-05,6.94983553126365e-05,783.2720362296842,100.0
612,1.5859899520874023,776.6250604302186,5.140058962608711,783.29395166505,759.2254379146542,100.0,3.9795428228091296,0.1,0.008635997772216797,0.271547794342041,0.04859533,0.021923022,776.8195822137241,-0.007521950132529833,7.759561383200804,100.0,9600,1.723764181137085,7.769373254745084e-05,7.202342238055876e-05,783.2665872871295,100.0
613,1.6201319694519043,776.1615159071835,5.4452699155664614,783.3077820786322,763.193583634832,100.0,4.100278373978696,0.1,0.007277011871337891,0.28455591201782227,0.04594621,0.016796064,776.75377558307,-0.007573944337610374,7.7549260556623905,100.0,9600,1.7918996810913086,7.134856732759328e-05,6.920733710475426e-05,779.2665601535705,100.0
614,1.5879340171813965,776.0704737398415,6.178904852855901,783.2853331372205,751.2103534782636,100.0,3.5125803876752926,0.1,0.012103796005249023,0.30782175064086914,0.04664531,0.024380578,776.6854453987472,-0.007650331493979916,7.754433001839352,100.0,9600,1.7570993900299072,8.852510478051495e-05,8.825525687988954e-05,783.2975436699003,100.0
615,1.6954498291015625,776.1622552043259,5.718271964798632,783.2936228398469,759.16561224573,100.0,3.8117376309626914,0.1,0.010771036148071289,0.29802632331848145,0.04705256,0.019027939,776.6331263793052,-0.007566714293216484,7.754933285706784,100.0,9600,1.9255836009979248,8.985805039418625e-05,0.00010343241032860114,783.3264869105103,100.0
616,1.7908878326416016,776.1632364297097,5.7112281186059715,783.2961087524486,755.2112331612915,100.0,4.335630493328528,0.1,0.01151895523071289,0.30976247787475586,0.048592642,0.019306347,776.5861373843456,-0.007557155894491945,7.755359510772174,100.0,9600,1.831451177597046,9.007060043153855e-05,8.073978028900489e-05,779.2558640749229,100.0
617,1.6236951351165771,776.3670652801197,6.413374733057626,783.2993295242312,755.1876389842777,100.0,3.565292292668041,0.1,0.009212017059326172,0.29044032096862793,0.040880494,0.017073328,776.5642301739231,-0.007601573968760617,7.756981759364572,100.0,9600,1.7840559482574463,9.949319621574355e-05,9.861613806967976e-05,783.2867923809983,100.0
618,1.5953340530395508,776.6629213224287,5.610006800375647,783.3161085508893,755.1819542543416,100.0,3.9281897893998994,0.1,0.010063886642456055,0.304950475692749,0.04717648,0.021352815,776.5740992887737,-0.007561044668444591,7.759938955331555,100.0,9600,1.7587158679962158,9.103557706151526e-05,9.313143361699948e-05,783.3105070063228,100.0
619,1.6195824146270752,776.7478617759762,5.504426796905786,783.3184362640841,759.1895879064043,100.0,3.9677767187939095,0.1,0.01022648811340332,0.270113468170166,0.047731012,0.019859739,776.591475537494,-0.007544037523702301,7.760789295809631,100.0,9600,1.7033355236053467,8.323385790834551e-05,8.187663727938694e-05,783.286210202656,100.0
620,1.5668103694915771,777.5365831995265,5.517385968538109,783.3216561600282,755.1646895782545,100.0,4.3866781719130525,0.1,0.009191751480102539,0.26969170570373535,0.04765222,0.021667685,776.6859863036973,-0.007573358046886091,7.768676641953114,100.0,9600,1.7070865631103516,7.885650864755793e-05,7.711343216779758e-05,775.2795454213303,100.0
621,1.6255834102630615,776.3239582035949,5.9446476772706776,783.3088977454837,759.1999906395663,100.0,4.264817283844438,0.1,0.00958251953125,0.29769349098205566,0.046574842,0.01880049,776.6497834936871,-0.007616898157243539,7.756549768509423,100.0,9600,1.851905345916748,9.732581585595745e-05,9.543198427843766e-05,783.3064063441751,100.0
622,1.5875427722930908,777.1675411412137,5.492140952176962,783.3056302369129,759.1883211409659,100.0,3.56257010085569,0.1,0.009175777435302734,0.30269718170166016,0.049277823,0.02332987,776.7015592584398,-0.007513142387041478,7.764986857612958,100.0,9600,1.8537688255310059,6.783911555152419e-05,6.677064168372448e-05,783.259637809821,100.0
623,1.8324823379516602,777.2470201960904,5.245195243289983,783.3141758257283,759.1461179313284,100.0,4.112842840517776,0.1,0.012366533279418945,0.27460217475891113,0.04713324,0.018480139,776.7561053522049,-0.007551606224736017,7.765781727108597,100.0,9600,2.0442662239074707,7.284329533425723e-05,7.236163047841318e-05,783.2823181785402,100.0
624,1.5709707736968994,776.2412616889873,5.876219233163129,783.2893725012676,755.1784599147157,100.0,3.900196155599861,0.1,0.011531591415405273,0.2890503406524658,0.04515673,0.018327333,776.7046209858831,-0.007609316677645381,7.755724016655688,100.0,9600,1.732736587524414,9.226507349295665e-05,9.814213354766901e-05,783.2439336685619,100.0
625,1.5725080966949463,775.7815520589712,6.302851851513261,783.2982928779071,747.1842610939214,100.0,4.146322991974676,0.1,0.00999593734741211,0.2836620807647705,0.0471837,0.018602675,776.612314093192,-0.007623218359001753,7.751126781640998,100.0,9600,1.775097131729126,0.00010963798306898316,9.974786967361214e-05,783.2802047067186,100.0
626,1.6185286045074463,776.7433789700207,5.436593832146227,783.2852132314789,763.202656080206,100.0,4.491284853231092,0.1,0.009516716003417969,0.31800413131713867,0.047970988,0.018358143,776.6254205808749,-0.0075862052634119775,7.761163794736587,100.0,9600,1.8621711730957031,7.686623523023888e-05,7.136415575357958e-05,783.245473053897,100.0
627,1.626840591430664,777.5020597361953,5.204770059803378,783.3067553051733,763.1922694351791,100.0,3.6606776080643995,0.1,0.008714914321899414,0.29416704177856445,0.04744223,0.022364024,776.713084496407,-0.007500149502555884,7.768333183830777,100.0,9600,1.7539961338043213,6.82765944668089e-05,6.612177312896022e-05,783.2613434184204,100.0
628,1.6100306510925293,777.3773903904888,5.045713588634207,783.3204424978147,763.1958740986815,100.0,4.654573629106303,0.1,0.009932279586791992,0.28270435333251953,0.04914166,0.017736973,776.7795150858151,-0.007498908905076133,7.767084424428258,100.0,9600,1.77705979347229,6.196395177358535e-05,6.179262649838947e-05,783.2890012696812,100.0
629,1.5847020149230957,775.4123654143212,7.205817928118144,783.2998108490593,747.158640902901,100.0,3.557549162334638,0.1,0.011285066604614258,0.2708268165588379,0.044783235,0.021388792,776.6428001186657,-0.007564939029893562,7.747851727636774,100.0,9600,1.5385704040527344,0.00011694656998521907,0.00011120060886969123,783.287702031516,100.0
630,1.6174728870391846,776.8315534830048,5.715706528076526,783.3099337188148,755.1631422132949,100.0,3.740344635578564,0.1,0.01187753677368164,0.2738809585571289,0.048509832,0.02016279,776.6616754550996,-0.007540078168129541,7.761626588498537,100.0,9600,1.8473553657531738,9.024402879150816e-05,8.873477381598963e-05,783.2539362261388,100.0
631,1.8283514976501465,776.6623258902558,5.522146381224452,783.2920794114632,755.1947497706543,100.0,3.96047594000657,0.1,0.008043289184570312,0.3116879463195801,0.046766702,0.021206245,776.6617404986152,-0.0075657208224072315,7.7599342791775925,100.0,9600,1.6929192543029785,7.659324335186801e-05,7.264242716529508e-05,783.2664666010604,100.0
632,1.606184959411621,776.666428939272,5.2437285585658975,783.292715036599,759.1880325453458,100.0,4.697622067112854,0.1,0.014106273651123047,0.3084533214569092,0.04823188,0.018850926,776.662209342681,-0.007524215654204999,7.759975784345795,100.0,9600,1.9761602878570557,6.952281235334214e-05,6.92279422914357e-05,783.2866435809124,100.0
633,1.5893583297729492,776.7871181694242,4.922767156286237,783.3039126481561,767.1985243899964,100.0,3.9062827291661533,0.1,0.009205102920532227,0.2836587429046631,0.041752845,0.016867492,776.6747002253553,-0.007568367619250549,7.761181632380748,100.0,9600,1.505580186843872,6.437238496985906e-05,6.662080875366625e-05,775.2707380641689,100.0
634,1.6120555400848389,777.0000881008549,5.268752368736129,783.3147084546712,759.2143058926929,100.0,4.505103756715816,0.1,0.008656024932861328,0.2926788330078125,0.047697496,0.021007583,776.7072390129052,-0.007521907792957355,7.763311425540375,100.0,9600,2.0239834785461426,6.966866321631323e-05,6.966725739722861e-05,783.2611507630519,100.0
635,1.6176683902740479,777.545264174539,5.546354427425855,783.3010717507648,763.161620102811,100.0,4.091886684363471,0.1,0.009161949157714844,0.29453206062316895,0.048394464,0.021110361,776.7910415290686,-0.007486027772929155,7.76876397222707,100.0,9600,1.8004322052001953,7.789148776258453e-05,7.408671842501984e-05,783.2976632101954,100.0
636,1.565173864364624,777.5020729556901,4.585800105513526,783.2936134581016,763.2105676074751,100.0,3.8310692505211374,0.1,0.009194374084472656,0.27521634101867676,0.048476163,0.021561911,776.8621446717308,-0.007501743607638459,7.768331589725695,100.0,9600,2.094200611114502,7.34769107843365e-05,6.40957706422694e-05,783.307617331148,100.0
637,1.572490930557251,776.8726254153177,4.796802480142977,783.312951708245,763.1686264057423,100.0,3.526050998025312,0.1,0.009534835815429688,0.2556486129760742,0.04804584,0.025072807,776.8631927460895,-0.007545440099723879,7.762037893233608,100.0,9600,1.6789734363555908,6.579377022074837e-05,6.58790205519636e-05,783.295251174198,100.0
638,1.5861592292785645,777.672215507645,4.891467242367297,783.3094532682226,759.1851248355141,100.0,4.0231193956314915,0.1,0.009571313858032227,0.3126335144042969,0.04891212,0.023530534,776.944095022245,-0.007466540832492637,7.770033459167507,100.0,9600,1.7400975227355957,6.927804872786843e-05,6.627041007253207e-05,783.3036877816841,100.0
639,1.654984474182129,776.6711387732093,6.39074590643676,783.3024436666269,751.2310059861087,100.0,3.9665172325390143,0.1,0.008322477340698242,0.2919306755065918,0.044375133,0.017443055,776.9167993973415,-0.0074769448045374194,7.760023055195464,100.0,9600,1.660792589187622,9.576562809259249e-05,9.467458174127335e-05,783.3355855116617,100.0
640,1.6342623233795166,777.9584420780158,5.773347584492451,783.3190973993921,755.187996189303,100.0,4.075659563158148,0.1,0.010104179382324219,0.2872738838195801,0.04741145,0.018624151,777.0209636654089,-0.007521792759572476,7.772894873907094,100.0,9600,1.6989750862121582,8.448324308578808e-05,8.576687728589765e-05,783.3181580304968,100.0
641,1.5714478492736816,776.2052144943095,6.17479415043781,783.3264116286756,759.1941877049167,100.0,3.8855381343896194,0.1,0.009485960006713867,0.30163025856018066,0.046049733,0.02015442,776.9393887482989,-0.007552302991448441,7.755364363675219,100.0,9600,1.8530199527740479,9.40136828894641e-05,8.308124255270158e-05,783.2942482049821,100.0
642,1.6054728031158447,775.4553965313626,6.482073417188489,783.3020237827319,755.1870404466036,100.0,3.9994935759194425,0.1,0.008383750915527344,0.2593362331390381,0.04697347,0.022942167,776.7909895266054,-0.007550887433216316,7.747865779233449,100.0,9600,1.8941245079040527,0.0001004127254394276,0.0001034388185353817,783.2720712248156,100.0
643,1.600905418395996,778.2098046483428,4.530246861283254,783.31203352183,767.1891534870075,100.0,4.422543855110451,0.1,0.013991594314575195,0.3024115562438965,0.04644837,0.017401472,776.9328710387791,-0.007507585978339947,7.775409080688327,100.0,9600,1.7986571788787842,8.717653342566485e-05,4.82781011051915e-05,783.2979841546024,100.0
644,1.6044070720672607,776.8710668561085,6.2429316066725855,783.3147317730701,755.194841458621,100.0,5.1715220753729385,0.1,0.009288787841796875,0.29754209518432617,0.04911284,0.017968295,776.9266906205121,-0.0075621231929000506,7.762021210140435,100.0,9600,1.9505250453948975,9.162741509609436e-05,8.838655795040069e-05,783.1476534969994,100.0
645,1.5553579330444336,777.1635331567046,5.238541360792905,783.2948104550658,763.2085824658568,100.0,4.624949188411561,0.1,0.00912618637084961,0.2721738815307617,0.047616504,0.020183962,776.9503748741313,-0.007552533389207919,7.764947466610792,100.0,9600,1.7737908363342285,6.901804426848442e-05,6.881112458509042e-05,783.3127884123877,100.0
646,1.7103683948516846,776.7066437701075,5.9900091359708405,783.3119214561405,755.203187326012,100.0,4.253895461471169,0.1,0.009212255477905273,0.3007025718688965,0.046818707,0.019297162,776.926001763729,-0.007540688331656594,7.76037597833501,100.0,9600,1.6912403106689453,9.225529501011985e-05,9.466709923330333e-05,783.3074330516966,100.0
647,1.633345603942871,777.2073578512391,4.77637191055811,783.3162290694445,763.167084853026,100.0,4.410508837517196,0.1,0.009294986724853516,0.29418277740478516,0.0443655,0.018142588,776.95413737248,-0.007532311780657521,7.7653843548860095,100.0,9600,1.6705784797668457,5.910966957369357e-05,5.7933879129198146e-05,783.2842136755874,100.0
648,1.5934340953826904,777.5856587154882,5.602092185776493,783.3131277214908,759.1679626714266,100.0,4.153123376216979,0.1,0.009293079376220703,0.27848124504089355,0.047994103,0.021963049,777.0172895067808,-0.007499540219399257,7.769167126447267,100.0,9600,1.7240643501281738,7.74959470528959e-05,8.1370894300134e-05,783.314901416817,100.0
649,1.6126790046691895,776.7438260053069,5.828922970606302,783.2993594336,759.1946918673217,100.0,3.7242734016057475,0.1,0.010303258895874023,0.27228450775146484,0.048083007,0.020040873,776.9899431566334,-0.007583412468547521,7.7615832541981185,100.0,9600,1.723698377609253,8.667536702395762e-05,7.809938599129027e-05,783.3041577108377,100.0
650,1.5861287117004395,777.58062696673,5.231769544836019,783.3164704601129,755.1890947897523,100.0,3.839392717332039,0.1,0.010928153991699219,0.2657918930053711,0.048928253,0.021964634,777.0490115376432,-0.007548493323532339,7.769118173343134,100.0,9600,1.6339941024780273,7.086993870066658e-05,6.517428248792067e-05,783.2899329078907,100.0
651,1.6352505683898926,777.2914752453225,5.305306433114221,783.3071637184444,763.2039263777741,100.0,4.599219806394549,0.1,0.010793209075927734,0.27314019203186035,0.04851562,0.020929955,777.073257908411,-0.007524364391387428,7.766225635608613,100.0,9600,1.8568668365478516,7.267736490482166e-05,7.637934431590335e-05,783.2990048416669,100.0
652,1.6386396884918213,776.536924919539,6.4306671276487055,783.3203081162342,751.223643342403,100.0,4.599267827847852,0.1,0.010657072067260742,0.2918243408203125,0.048225023,0.019026948,777.0196246095238,-0.007569808973312554,7.758680191026687,100.0,9600,1.8108057975769043,0.00010873181033849626,0.00011207136930332715,783.2978740212384,100.0
653,1.591376781463623,776.3291623906366,5.859374749185139,783.32105688347,755.2187673746724,100.0,4.647914506729246,0.1,0.009290218353271484,0.2813122272491455,0.048439384,0.01735049,776.9505783876351,-0.007564318063212079,7.7566023486034545,100.0,9600,1.64898681640625,9.246339252160288e-05,8.075796743115068e-05,783.2877364646635,100.0
654,1.7178902626037598,777.1663065453691,5.104418743115236,783.2950839736666,759.2506918404765,100.0,4.241106460387391,0.1,0.00934910774230957,0.2980790138244629,0.04802165,0.017861959,776.9721512034084,-0.007525395877294855,7.7649746041227035,100.0,9600,1.903928518295288,7.070579840403669e-05,6.960189904320635e-05,783.2956885139535,100.0
655,1.5862672328948975,775.621857660201,6.372690666316248,783.3081443727011,755.1939950274153,100.0,4.784415192519563,0.1,0.009307146072387695,0.30324411392211914,0.04568158,0.01669265,776.8371218490877,-0.007552799989755524,7.749530533343578,100.0,9600,1.5717971324920654,9.60495038247586e-05,9.584094219287694e-05,783.3004024846477,100.0
656,1.629073143005371,777.4588873699199,5.461758438589266,783.3034731964833,759.2085869579399,100.0,4.789155902623576,0.1,0.010839223861694336,0.30054545402526855,0.04754047,0.019809132,776.899298401171,-0.007516638136691112,7.768316695196642,100.0,9600,1.8518376350402832,8.186873469918015e-05,7.547520778846709e-05,783.2752584141324,100.0
657,1.589423418045044,776.78976697505,5.1580599816739685,783.3121965176571,763.1918330983403,100.0,3.1744731569488756,0.1,0.009522438049316406,0.28952860832214355,0.046140563,0.022348426,776.888345258559,-0.007542065845482774,7.761207934154516,100.0,9600,1.8128342628479004,6.755578580608963e-05,6.731999682779522e-05,783.312253827222,100.0
658,1.5629775524139404,776.9955233663756,4.9419489637709955,783.2949133110224,759.1627256405425,100.0,3.5818085637574066,0.1,0.009860038757324219,0.29833102226257324,0.04571713,0.019795526,776.8990630693406,-0.007567817939166524,7.763265515394167,100.0,9600,1.8499181270599365,6.028616385677552e-05,5.992866548348859e-05,783.2309989168198,100.0
659,1.6003236770629883,777.2439432787559,4.9442665226280536,783.3061324385856,763.1971366228497,100.0,4.009357102971262,0.1,0.009558677673339844,0.2421250343322754,0.044327646,0.016871689,776.9335510902822,-0.007583098408180722,7.765750234925153,100.0,9600,2.0204379558563232,5.966384056493051e-05,6.004958455687375e-05,783.2904673505162,100.0
660,1.5996382236480713,775.9531127345122,5.46185969327705,783.3230063408587,759.215338575206,100.0,3.733913464989626,0.1,0.010354042053222656,0.2747840881347656,0.046986885,0.020044837,776.8355072547052,-0.007574520840611591,7.7528421458260555,100.0,9600,1.814523458480835,8.180986375200556e-05,8.25588588428614e-05,783.2737175529446,100.0
661,1.7398676872253418,777.086427265709,5.459883980269011,783.3052341266239,759.2124553743738,100.0,3.8280877987303947,0.1,0.009083032608032227,0.2773313522338867,0.045608997,0.020201433,776.8605992558057,-0.007491762615881084,7.764174904050786,100.0,9600,1.8742234706878662,8.576133131370667e-05,7.987255129331026e-05,783.3176241712664,100.0
662,1.8118534088134766,777.3337995868593,6.470662288373347,783.3177329079584,747.1512475076162,100.0,3.757568137358149,0.1,0.012517213821411133,0.2759547233581543,0.049009427,0.02364509,776.907919288911,-0.007517747043969482,7.766648919622696,100.0,9600,1.7303028106689453,9.5935697656798e-05,9.608801470754058e-05,783.307579930079,100.0
663,1.5776011943817139,776.8723327985975,4.68575473750823,783.3312067651088,763.2237363285307,100.0,3.7907758324951053,0.1,0.010187387466430664,0.27378129959106445,0.045761764,0.021546395,776.9043606398798,-0.007548682364939527,7.762034650968395,100.0,9600,1.6317288875579834,5.413106857557136e-05,6.257520082555447e-05,783.276898753967,100.0
664,1.6270182132720947,777.1302416458851,5.609321989868057,783.3023727579613,759.1796050149796,100.0,4.24826320446841,0.1,0.010558843612670898,0.28580403327941895,0.048772346,0.023118505,776.9269487404804,-0.007468580128225935,7.765031419871774,100.0,9600,1.654784917831421,8.249632778636667e-05,7.383474666275715e-05,783.3117623070465,100.0
665,1.6157939434051514,776.4171227731089,5.873634713476901,783.3255278376863,759.161998153613,100.0,4.148263879041397,0.1,0.009411334991455078,0.28196215629577637,0.046785016,0.019238241,776.8759661437432,-0.007517815900337475,7.757482184099662,100.0,9600,1.7699353694915771,9.567957147299785e-05,9.419008832674707e-05,783.2693126289965,100.0
666,1.5871102809906006,777.6702758824844,5.134542811650253,783.334762346754,759.1695722619667,100.0,4.631356826196209,0.1,0.01187443733215332,0.26241230964660645,0.048993174,0.01974459,776.9553971176173,-0.007486467290072701,7.770013532709927,100.0,9600,1.7275917530059814,7.912378613143139e-05,6.864308498217448e-05,783.2907454145964,100.0
667,1.597581148147583,776.9986652886761,5.483850215212428,783.3172075295386,755.1335908045999,100.0,4.189929514053327,0.1,0.015360116958618164,0.29367995262145996,0.048769403,0.019685538,776.9597239347231,-0.007535316401596904,7.763298016931736,100.0,9600,1.4643354415893555,9.310874181782791e-05,9.83576031597011e-05,783.2756273532974,100.0
668,1.6094863414764404,777.3341323240287,5.335271321115369,783.3080918552836,759.1950328810316,100.0,3.064093677507034,0.1,0.010111093521118164,0.2879500389099121,0.04875485,0.028406443,776.9971647736537,-0.007515136048082957,7.766651530618584,100.0,9600,1.7265214920043945,8.767445064494881e-05,7.710869901633858e-05,783.2952797239809,100.0
669,1.6780216693878174,776.916445945489,6.764370862721941,783.3121032841215,755.1801108668742,100.0,3.623411509457366,0.1,0.010268926620483398,0.2813575267791748,0.047465153,0.022783082,776.9890928908374,-0.007526358406530788,7.762473641593469,100.0,9600,1.912428855895996,0.00010553395038293466,0.00010877324743850152,783.2667780215407,100.0
670,1.5892956256866455,777.4572417339681,4.481490784538301,783.3115092714394,767.2203936142063,100.0,3.9611946969886755,0.1,0.009320735931396484,0.2846696376800537,0.04736941,0.021909285,777.0359077751505,-0.007532967915993799,7.768300365417339,100.0,9600,1.6529474258422852,7.662793082094911e-05,6.610110088023652e-05,783.2597583312493,100.0
671,1.6048645973205566,777.5393253622119,5.926943453290474,783.2914115188977,751.1289389723551,100.0,3.95003947514145,0.1,0.009239912033081055,0.3051450252532959,0.048823122,0.01891856,777.0862495338566,-0.007545638496522238,7.768704361503478,100.0,9600,1.7168984413146973,8.306140100788662e-05,9.935512380717628e-05,783.2618437036472,100.0
672,1.5908429622650146,777.2459103815569,5.761933768943045,783.2965428765248,759.1550860902476,100.0,3.643452464789067,0.1,0.009425163269042969,0.26441478729248047,0.047562458,0.023158446,777.1022156186267,-0.007563527392725371,7.765769805940607,100.0,9600,1.7906267642974854,9.649925212966026e-05,7.607345194645953e-05,783.2315943865027,100.0
673,1.5943183898925781,778.4583211887789,4.6923592965402205,783.3181250486756,759.1865996310901,100.0,3.5771292965841117,0.1,0.0071048736572265625,0.27484917640686035,0.04867271,0.024178786,777.2378261756419,-0.00752233987077409,7.777894326795892,100.0,9600,1.7563657760620117,5.577781689206077e-05,6.455504922001178e-05,783.2959818289362,100.0
674,1.5947306156158447,776.3736929952651,6.359483866245493,783.3123791415652,755.1778105718947,100.0,4.237048833494937,0.1,0.011995077133178711,0.28525686264038086,0.04890237,0.022956565,777.1514128576042,-0.00753444457888245,7.757465555421117,100.0,9600,1.6450636386871338,9.612493176067022e-05,9.230846210810302e-05,783.2662363082104,100.0
675,1.5900540351867676,777.2905172554647,5.493864518065158,783.3121905606142,759.1764711905689,100.0,3.6012910902204265,0.1,0.014196157455444336,0.3195493221282959,0.047857754,0.022297487,777.1653232973903,-0.007533452927399437,7.7662165470726,100.0,9600,1.7500627040863037,8.194728292805756e-05,7.639259131118769e-05,783.1953597718314,100.0
676,1.5914762020111084,777.2435853639186,5.5526455728576645,783.3072494083498,763.1629441075513,100.0,3.9340770865120627,0.1,0.009608268737792969,0.2734262943267822,0.04722953,0.01929227,777.1731495040431,-0.00758580171557723,7.765747531617755,100.0,9600,1.764312505722046,6.362444644613241e-05,6.344929869141667e-05,783.2565815165291,100.0
677,1.6925289630889893,775.52773983405,5.939052677071047,783.2762554517554,755.168473163528,100.0,4.168695446924235,0.1,0.009287595748901367,0.2843775749206543,0.046404187,0.021352518,777.0086085370438,-0.007660373156492842,7.748589626843507,100.0,9600,1.8638420104980469,0.00010330042595542332,9.554249105772512e-05,783.2225476740872,100.0
678,1.5869760513305664,776.3270612766729,5.68540510311622,783.3044693734829,755.1915138109757,100.0,3.3255442360317184,0.1,0.009124755859375,0.30088329315185547,0.046888776,0.022611963,776.9404538110066,-0.007585979913215901,7.756580686753452,100.0,9600,1.4799301624298096,8.1510400416651e-05,7.721050350931951e-05,783.2092182463997,100.0
679,1.5937504768371582,777.1639234003256,5.178061189205249,783.305894089217,759.1945671357039,100.0,4.933516907501578,0.1,0.009289741516113281,0.26798367500305176,0.049431987,0.018969862,776.9628007699386,-0.007550274984627281,7.764949725015373,100.0,9600,1.6840145587921143,6.780856362603378e-05,6.846244461967011e-05,783.2671123834724,100.0
680,1.5929393768310547,777.1615042260106,5.547608321736789,783.2860875548256,759.2117277384361,100.0,4.102769062965603,0.1,0.009203672409057617,0.2819702625274658,0.04907711,0.025023516,776.9826711155458,-0.007572824289617942,7.764927175710382,100.0,9600,1.8353824615478516,7.538006459869776e-05,7.364836569137281e-05,783.2669109737543,100.0
681,1.6070048809051514,777.0363576898627,5.364671355662722,783.3062077815634,759.1909329423529,100.0,3.6747814938972034,0.1,0.009145736694335938,0.27738404273986816,0.04783291,0.02421754,776.9880397729776,-0.00757677860498434,7.763673221395016,100.0,9600,1.925382375717163,7.330090015134164e-05,7.925647368501969e-05,783.2799923666895,100.0
682,1.6065821647644043,776.5333176166478,6.71209871552143,783.2980211243856,751.1750629499999,100.0,4.210235396719063,0.1,0.010118246078491211,0.27168774604797363,0.04784379,0.018840354,776.9425675573445,-0.00760637634108353,7.758643623658916,100.0,9600,1.9726805686950684,0.00010869645647650829,0.0001059315886975546,783.276824871186,100.0
683,1.6235272884368896,777.330502393505,5.0113358412613405,783.2959332144825,763.1748308741335,100.0,3.5518109569714844,0.1,0.011756181716918945,0.2530035972595215,0.047508862,0.02407283,776.9813610409607,-0.007551604080582836,7.766615062586084,100.0,9600,1.8015985488891602,6.56324038857154e-05,6.479540594553685e-05,783.2846714443547,100.0
684,1.6458961963653564,777.9577802771196,5.25814789727609,783.297132370457,763.1602997418718,100.0,3.6254342870762177,0.1,0.00933384895324707,0.2935178279876709,0.049123585,0.023455162,777.0790029645766,-0.007527459456110319,7.772889207210556,100.0,9600,1.9542253017425537,7.064839345943851e-05,6.579589399961562e-05,783.2583214366977,100.0
685,1.7636408805847168,776.8235572242993,5.504004229134034,783.3102608857212,751.1826644462183,100.0,3.9580738104573565,0.1,0.00825953483581543,0.28667473793029785,0.048507124,0.018868275,777.0534583905489,-0.007620128345299536,7.761546538321366,100.0,9600,1.7792553901672363,9.532486890942963e-05,9.041427194001202e-05,783.2767297917642,100.0
686,1.613013505935669,777.2066797522115,5.273325794871804,783.3014619002221,763.1799476761288,100.0,4.169324901286712,0.1,0.009354352951049805,0.2814669609069824,0.048696794,0.021406949,777.0687805267153,-0.007537299894521399,7.765796033438812,100.0,9600,1.682124137878418,5.792285313808143e-05,5.574803408683655e-05,783.2996103015913,100.0
687,1.61720871925354,776.9982651066175,6.361935998991423,783.3095972576641,751.1609203896846,100.0,4.634617815562148,0.1,0.00915074348449707,0.2917966842651367,0.046447758,0.019510837,777.0617289847055,-0.0075393966618413424,7.7632939366714915,100.0,9600,1.779212236404419,8.857205182998294e-05,8.75607703557978e-05,783.2813613945374,100.0
688,1.622286081314087,776.4540169695887,6.265940063027134,783.3205317618887,755.1452039422435,100.0,3.432637348644639,0.1,0.009209394454956055,0.27976536750793457,0.050649542,0.027041998,777.0009577831938,-0.007565502329995023,7.757851164336672,100.0,9600,1.9180505275726318,8.431359252800292e-05,8.687798569555383e-05,783.2874105983037,100.0
689,1.593940258026123,777.1669339060292,4.51765134846206,783.2992231980791,763.2106414453517,100.0,4.466865780086009,0.1,0.009515762329101562,0.33319759368896484,0.05023441,0.019613191,777.0175553954774,-0.00751960671959202,7.764980393280408,100.0,9600,1.6699602603912354,6.4047477621648e-05,5.844479439873778e-05,783.3135773691389,100.0
690,1.598858118057251,778.1687925791163,4.431666464389228,783.3394427884845,763.2150952463387,100.0,3.6078073084966844,0.1,0.009199857711791992,0.3227384090423584,0.04620566,0.022032434,777.1326791138413,-0.007500024630528987,7.774999975369471,100.0,9600,1.891939640045166,5.740577062670262e-05,5.1013551557121814e-05,783.2653010170252,100.0
691,1.6145203113555908,777.2049938856717,5.874375024767622,783.322900809098,759.1932823539995,100.0,3.010378908407158,0.1,0.009255170822143555,0.3057880401611328,0.048734132,0.02479677,777.1399105910243,-0.0075566128972894,7.765360053769377,100.0,9600,1.771101474761963,9.103633151124557e-05,8.307260416376381e-05,783.2727375448403,100.0
692,1.7671442031860352,776.8240745801695,6.195738100051824,783.30332351886,755.213618954124,100.0,4.261700488145525,0.1,0.010259866714477539,0.29624199867248535,0.048542585,0.018331688,777.1083269899389,-0.007614640405318398,7.761552026261349,100.0,9600,1.5678462982177734,9.350487153614285e-05,8.91092162042144e-05,783.2653819998561,100.0
693,1.6045308113098145,777.3274867419741,5.399114473015458,783.3033180921476,759.1903322852447,100.0,4.588526851611106,0.1,0.010249614715576172,0.31104612350463867,0.04974687,0.018951902,777.1302429651424,-0.007579121039223753,7.766587545627442,100.0,9600,1.621638536453247,7.454431741912084e-05,7.32417812031974e-05,783.2874770655325,100.0
694,1.6194677352905273,776.9169301982347,5.231926680872391,783.3046166683417,763.1715709728188,100.0,3.9394396564698555,0.1,0.010127067565917969,0.29046201705932617,0.048572376,0.021950075,777.1089116884516,-0.00751915320586785,7.762480846794131,100.0,9600,1.8649015426635742,7.363768687235442e-05,7.503091732690662e-05,783.2426307742585,100.0
695,1.6308197975158691,777.457668931317,5.269756731576611,783.3066910605831,759.214235753009,100.0,3.6208663217454906,0.1,0.010256767272949219,0.3025169372558594,0.047779147,0.023760078,777.1437874127382,-0.0075297964339031236,7.767886870232764,100.0,9600,1.8326220512390137,8.003126214736574e-05,7.396907799460723e-05,783.2833148440792,100.0
696,1.6030559539794922,777.0746909525969,5.43141296707674,783.3087661824004,759.204726394204,100.0,3.9340702818142153,0.1,0.009272575378417969,0.303790807723999,0.04270128,0.017877027,777.1368777667242,-0.007609498329043583,7.764057168337623,100.0,9600,1.7872898578643799,7.686873615380965e-05,7.95756544277106e-05,783.2873471334048,100.0
697,1.594451904296875,777.6570035672094,5.6237040886957095,783.3160050447095,759.2214733339132,100.0,3.384929985217085,0.1,0.011640310287475586,0.28169679641723633,0.048035417,0.025572797,777.1888903467727,-0.007618511152358506,7.769881488847642,100.0,9600,1.7648179531097412,7.252922136867195e-05,7.119968443323419e-05,783.2492408013122,100.0
698,1.5938823223114014,777.4991039793495,6.122519896077539,783.3227664402676,755.1836064483635,100.0,4.234077131975644,0.1,0.00985574722290039,0.33975982666015625,0.045569334,0.020271616,777.2199117100305,-0.007531706508278332,7.768301626825054,100.0,9600,1.6356019973754883,8.096255137870074e-05,9.026101006225566e-05,783.2378874637417,100.0
699,1.6350562572479248,777.7479518924273,5.022224093323031,783.3031087862938,763.1967454560656,100.0,4.130571866038982,0.1,0.010568380355834961,0.2929871082305908,0.047430787,0.01691219,777.2727157282701,-0.007541661992699299,7.771208338007301,100.0,9600,1.8100004196166992,7.686459696315366e-05,6.975094624262802e-05,783.2285514905695,100.0
700,1.728271484375,776.6222131746855,5.899652674582516,783.3037754138686,755.20212397799,100.0,4.1387952275482105,0.1,0.010988950729370117,0.2675626277923584,0.047608506,0.02157473,777.2076654729117,-0.007550160608860975,7.759533172724473,100.0,9600,1.8113012313842773,7.667255751375104e-05,7.330991908604524e-05,783.2788232654962,100.0
701,1.6004514694213867,777.1239363220794,5.902360119629113,783.3091945130567,755.1651410536098,100.0,3.7191138872633633,0.1,0.012130260467529297,0.29091310501098633,0.04801778,0.02917234,777.1992925578285,-0.007532071863774199,7.76455126146956,100.0,9600,1.8204715251922607,7.422112514000133e-05,7.751049886019018e-05,783.2287724024225,100.0
702,1.6161479949951172,777.2072098049692,5.012447375804139,783.2976360499574,759.1626469946563,100.0,3.64642643317617,0.1,0.009120702743530273,0.2859015464782715,0.048766445,0.03255047,777.2000842825425,-0.00753196380032851,7.765384702866338,100.0,9600,1.658479928970337,7.28376717421106e-05,6.559375747308773e-05,783.2992358795516,100.0
703,1.5823116302490234,776.6649345337704,5.429417279944485,783.3077806147196,759.2067778394763,100.0,3.385435780260912,0.1,0.009408950805664062,0.2989354133605957,0.05001434,0.026718806,777.1465693076653,-0.007539097374671277,7.759960902625328,100.0,9600,1.8415074348449707,6.933352657050616e-05,7.400686250190949e-05,783.2904561585126,100.0
704,1.5799059867858887,777.3725918315557,5.9006506864771655,783.2993766965831,755.1884591153465,100.0,3.6646845711494427,0.1,0.00981593132019043,0.28081846237182617,0.0468209,0.020570373,777.1691715600543,-0.007546846873117965,7.767036486460216,100.0,9600,1.8398048877716064,9.802949836889425e-05,8.760858445318975e-05,783.2357540337708,100.0
705,1.645033836364746,778.4542909327287,5.001741690179527,783.2913564451651,763.1899716016252,100.0,4.654466568496867,0.1,0.008954286575317383,0.26966428756713867,0.046006206,0.012804191,777.2976834973218,-0.007562134217437996,7.777854532449228,100.0,9600,1.6041216850280762,6.214843112181166e-05,7.246900643105411e-05,783.2566100396976,100.0
706,1.616133213043213,777.0351372714185,5.23306459752148,783.3086943995546,759.2393623652728,100.0,3.7652900575316797,0.1,0.007246255874633789,0.26714611053466797,0.04815159,0.018015396,777.2714288747316,-0.007587851544545978,7.763662148455455,100.0,9600,1.6430110931396484,8.926346450128024e-05,7.712282190015216e-05,783.2516935712433,100.0
707,1.7485346794128418,776.9963405720158,5.755047622716782,783.3091271522734,763.1701852095061,100.0,3.756672889047677,0.1,0.009418725967407227,0.3018064498901367,0.04427048,0.019249104,777.24392004446,-0.007558446013001353,7.763274887320331,100.0,9600,1.445582389831543,8.798989919057569e-05,8.947488322199571e-05,783.2376369450191,100.0
708,1.5855093002319336,776.7815480894948,6.534672020811622,783.3078509025609,751.1448071012095,100.0,3.711052270241301,0.1,0.011947154998779297,0.29531002044677734,0.046758525,0.023818703,777.1976828489634,-0.007624297466595411,7.761125702533405,100.0,9600,1.708446741104126,0.00011031158400434692,0.00010527261173998285,779.2389559607807,100.0
709,1.628753423690796,777.8724932070533,5.201494694563494,783.3033586337478,759.2255536576612,100.0,3.911628716931698,0.1,0.009567737579345703,0.28521108627319336,0.046064846,0.022721278,777.2651638847724,-0.007548773925165844,7.772034559408167,100.0,9600,1.7196590900421143,8.709021022090715e-05,7.611510365919903e-05,783.287683257508,100.0
710,1.592128038406372,777.245910865252,5.525530960561353,783.3157596901273,759.1842992487868,100.0,3.9159209830012545,0.1,0.009331703186035156,0.29432201385498047,0.05006601,0.02239703,777.2632385828203,-0.007563670586713453,7.76576966274662,100.0,9600,1.8115284442901611,7.890517132767732e-05,7.784721968632126e-05,783.2844645605155,100.0
711,1.6246318817138672,776.6199072334434,5.140655594779142,783.2916502738794,763.1669916359525,100.0,3.499286537111059,0.1,0.013303518295288086,0.27989673614501953,0.048229255,0.02414842,777.1989054478827,-0.007573429418530527,7.759509903914803,100.0,9600,1.5259590148925781,7.156577114672087e-05,7.264629781538656e-05,783.2816595765161,100.0
712,1.5736513137817383,777.2796134463184,5.4563994363092485,783.2889421767951,763.2183601917377,100.0,3.6557891767071187,0.1,0.009194135665893555,0.2797105312347412,0.046458427,0.020293713,777.2069762477263,-0.007642750405556201,7.7661072495944445,100.0,9600,1.930753231048584,7.525720162358526e-05,7.414641017657744e-05,783.2727706009351,100.0
713,1.5631599426269531,778.1628783046526,4.7175428156756665,783.3089477947397,763.2327908959285,100.0,3.8945420938666224,0.1,0.011303424835205078,0.29580044746398926,0.047741633,0.022045175,777.302566453419,-0.0075605547426280595,7.774939445257371,100.0,9600,1.7537662982940674,5.564881473925518e-05,5.448342560185929e-05,783.274467190233,100.0
714,1.6978800296783447,776.5763986305566,6.037659876550991,783.3101608357537,759.2111081817934,100.0,3.6599652263143,0.1,0.009185075759887695,0.27341151237487793,0.041812018,0.017060978,777.2299496711328,-0.007591571012047069,7.75907509565462,100.0,9600,1.760314702987671,0.00010676365331278913,0.00012564865153808188,783.2320196539968,100.0
715,1.7644236087799072,777.949031370425,5.191508930646642,783.2935563703242,755.2187629638371,100.0,3.527462886583685,0.1,0.009147167205810547,0.3246145248413086,0.04974967,0.025862828,777.3018578410621,-0.007616129755052987,7.772800536911614,100.0,9600,1.943833589553833,7.738537382876968e-05,6.169891318325424e-05,783.2689505161655,100.0
716,1.5914506912231445,777.0387297051593,5.04313362836606,783.3146212675663,763.1859455234234,100.0,4.335197343895031,0.1,0.010687589645385742,0.2879629135131836,0.048439268,0.018382665,777.2755450274718,-0.007551257161237786,7.763698742838763,100.0,9600,1.684147596359253,6.45481087139419e-05,6.395537993123355e-05,783.2323726089959,100.0
717,1.5884826183319092,777.4498008979941,5.137185948099723,783.2931179751483,759.2525253407553,100.0,4.33306706934857,0.1,0.009383916854858398,0.26390647888183594,0.047583774,0.016405119,777.2929706145242,-0.007606742758890496,7.768226590574443,100.0,9600,1.8763387203216553,6.505347890496115e-05,6.714472428081396e-05,783.2845803497194,100.0
718,1.6441149711608887,776.9525041811121,6.2273357582697955,783.3110819804281,755.1937164182378,100.0,4.481815146749293,0.1,0.009700775146484375,0.26383042335510254,0.048115138,0.01907882,777.258923971183,-0.007580594704071995,7.762836071962595,100.0,9600,1.9375851154327393,9.200789635415225e-05,9.211862819607574e-05,783.2795581459803,100.0
719,1.642322063446045,776.5342924798906,6.249698272481605,783.3086363941759,751.1997044905853,100.0,4.0580773942012245,0.1,0.009531021118164062,0.3145427703857422,0.043948196,0.015351211,777.1864608220537,-0.0075958586740639865,7.758654141325937,100.0,9600,1.8486638069152832,9.853072362363805e-05,9.649214182827108e-05,779.2663118184678,100.0
720,1.6508221626281738,776.6175572757111,4.733663410316844,783.2986213661366,767.169025315435,100.0,4.361230083497878,0.1,0.008452177047729492,0.2816658020019531,0.044601366,0.0140994275,777.1295704674194,-0.007597554196846888,7.759485779136486,100.0,9600,1.775371789932251,7.222469170527883e-05,7.17720729897224e-05,783.2946448088995,100.0
721,1.609907865524292,777.0762297293605,6.31180490020857,783.3061890493926,743.1554432343863,100.0,3.09762110015778,0.1,0.009250402450561523,0.2855491638183594,0.04834563,0.016858686,777.1242363936135,-0.007592775737680693,7.764073890928986,100.0,9600,1.8735642433166504,7.52799602503643e-05,7.360967135980367e-05,783.2518621077397,100.0
722,1.821298599243164,776.8311789459358,6.9375292236524055,783.3154689754317,755.1343195807275,100.0,3.4979368978880863,0.1,0.00926971435546875,0.2946202754974365,0.0484459,0.024418952,777.0949306488458,-0.007542988903985136,7.761623677762682,100.0,9600,1.8811182975769043,9.819182019780466e-05,0.00012095500774612012,783.2688855010673,100.0
723,1.6160635948181152,776.5760012073533,4.867311507741839,783.3042894386697,763.185493325389,100.0,4.572083282961974,0.1,0.012038946151733398,0.3223872184753418,0.04919608,0.022369647,777.0430377046965,-0.0075957295379034465,7.759070937128762,100.0,9600,1.79429030418396,9.234741754418047e-05,6.723682100235133e-05,783.2877310646205,100.0
724,1.5824341773986816,777.1258614668071,5.36868995593905,783.3104026495861,763.1975094979451,100.0,4.432616273232173,0.1,0.010248422622680664,0.28327155113220215,0.04878186,0.021234028,777.0513200809075,-0.007514423168410135,7.764568910164923,100.0,9600,1.818894386291504,7.355758127441119e-05,7.332942932730618e-05,783.2793915650552,100.0
725,1.6366386413574219,777.2429188148268,5.989190136477615,783.3003815768466,759.1728283672188,100.0,3.8482623225207666,0.1,0.011793851852416992,0.2911651134490967,0.047555525,0.01758776,777.0704799542996,-0.007592764906092876,7.7657405684272405,100.0,9600,1.6637911796569824,9.123826489054588e-05,9.404804530622771e-05,783.2595713575641,100.0
726,1.6095967292785645,778.0058337717795,4.854372596844022,783.3198197696687,759.2016109112433,100.0,4.051698520183168,0.1,0.011962175369262695,0.28380632400512695,0.04816533,0.02228349,777.1640153360477,-0.007463781599340461,7.7733695517339925,100.0,9600,1.445016622543335,6.477110589155257e-05,5.7093623476325835e-05,783.2669316471856,100.0
727,1.6074800491333008,777.1227048478603,5.583864441767191,783.2894403438276,759.1644041296512,100.0,3.383725661004947,0.1,0.009188175201416016,0.31253933906555176,0.04602137,0.021980591,777.1598842872289,-0.007545379009392287,7.7645379543239414,100.0,9600,1.6587920188903809,6.872209285731476e-05,6.784008590590595e-05,783.2598319088941,100.0
728,1.6154546737670898,777.1625775429026,5.520986035081584,783.2938371989624,759.1911389728466,100.0,4.293403531315561,0.1,0.009621143341064453,0.29493045806884766,0.04838507,0.020268556,777.1601536127963,-0.00756363109997557,7.764936368900024,100.0,9600,1.525944471359253,7.951924297307782e-05,8.641107511244365e-05,779.2763429008936,100.0
729,1.6364946365356445,777.1215524227524,5.047624375200055,783.3170491890357,763.164857526283,100.0,3.9057020586486817,0.1,0.010172843933105469,0.2884962558746338,0.049718082,0.022831386,777.156293493792,-0.007556171145373269,7.764943828854626,100.0,9600,1.5784218311309814,8.81267295444946e-05,7.345136263043397e-05,783.2368300805389,100.0
730,1.7463135719299316,777.246531013653,5.643772240346267,783.3116370386006,759.1814239597044,100.0,3.9156801105659884,0.1,0.009309768676757812,0.29811739921569824,0.044645272,0.017060444,777.1653172457782,-0.00755792630771922,7.765775407025615,100.0,9600,1.8755784034729004,6.87251879898615e-05,6.83285128138998e-05,783.240850454602,100.0
731,1.5742840766906738,776.8306744735088,6.246267830307503,783.3114209581063,755.1880329614438,100.0,4.207806718197197,0.1,0.009235620498657227,0.29204249382019043,0.04886935,0.023062613,777.1318529685514,-0.007547675364756638,7.761618991301909,100.0,9600,1.792259931564331,0.00010140546476736885,0.00010403432376704733,783.3117578216345,100.0
732,1.659104347229004,776.3644827763368,6.123911406070846,783.3074110825368,755.1346284010834,100.0,3.8200081413929783,0.1,0.009385824203491211,0.2794206142425537,0.04770622,0.0170457,777.0551159493299,-0.007628099415837448,7.756955233917497,100.0,9600,1.824866533279419,9.69818885453534e-05,8.63390295726807e-05,783.2813614820051,100.0
733,1.6147265434265137,776.7468790849765,5.6777765666696345,783.3197730781229,759.2016904046073,100.0,5.225400216085583,0.1,0.010692596435546875,0.30046558380126953,0.048561566,0.01486455,777.0242922628945,-0.0075529351588229056,7.761197064841178,100.0,9600,1.8905060291290283,7.798647312821286e-05,7.703650309077549e-05,783.3005300087071,100.0
734,1.6068761348724365,776.3301934228372,6.1356313396538456,783.3042479696967,755.2277775454795,100.0,3.602479297258012,0.1,0.014615774154663086,0.31297802925109863,0.048117034,0.023420656,776.9548823788889,-0.007553028775206919,7.756613637891459,100.0,9600,1.824587345123291,9.449841267974429e-05,9.38615359014219e-05,783.2525960226978,100.0
735,1.5981202125549316,778.121770931173,5.296634286943082,783.33001975594,759.1802928537331,100.0,4.448645195776752,0.1,0.01038813591003418,0.2744123935699463,0.049386468,0.019569404,777.0715712341173,-0.007554907716220236,7.774528425617113,100.0,9600,1.5513250827789307,7.25582100006438e-05,8.187747499795078e-05,783.297181037494,100.0
736,1.6662745475769043,778.5819487296275,4.934993081088583,783.3190371024024,759.2025363169641,100.0,4.3648307623781095,0.1,0.009350776672363281,0.2926485538482666,0.048409335,0.0204274,777.2226089836684,-0.007535199795717742,7.779131466870948,100.0,9600,1.7436366081237793,7.599727595846602e-05,5.910159282671512e-05,783.298849034875,100.0
737,1.615983247756958,777.4575659173169,5.2757450531491425,783.3148640060666,763.1760222370871,100.0,3.777753301386675,0.1,0.009233713150024414,0.2743678092956543,0.04852891,0.01999144,777.2461046770333,-0.007529985506296177,7.767886681160371,100.0,9600,1.7266724109649658,8.192857485851983e-05,8.404114433495862e-05,779.2527661400403,100.0
738,1.7661385536193848,777.4587626648196,4.328426020375416,783.3079612148745,767.2165116307004,100.0,3.739568295818119,0.1,0.01018381118774414,0.2832472324371338,0.0465124,0.022259848,777.267370475812,-0.007517944705463242,7.767898721961203,100.0,9600,1.7803428173065186,5.7025046940695705e-05,5.5606143128705925e-05,783.3065616719907,100.0
739,1.6272611618041992,776.6221291979236,6.17745407330076,783.3092484775041,755.196149368063,100.0,4.886542428292563,0.1,0.011075735092163086,0.27782320976257324,0.044427425,0.014925621,777.2028463480232,-0.007552152621975755,7.759531180711357,100.0,9600,1.7874059677124023,0.00011868775446489984,0.00010039031024276349,783.3198621897685,100.0
740,1.6254708766937256,777.0829015740752,6.364595806088658,783.2945832395237,755.189707431093,100.0,3.9915165349684827,0.1,0.009339332580566406,0.30434751510620117,0.047606416,0.019815363,777.1908518706284,-0.007528040910004287,7.7641386257566625,100.0,9600,1.6458778381347656,8.44849915183777e-05,9.225175967000828e-05,783.2760655692243,100.0
741,1.588735818862915,776.2457560351113,6.551769264138362,783.2959043966035,755.2110399137384,100.0,3.872793134422622,0.1,0.009952306747436523,0.2845132350921631,0.049205776,0.026666574,777.0963422870768,-0.007564139644857133,7.755769193688477,100.0,9600,1.842860221862793,0.00010966407568684652,0.00010706721801147485,783.2797635732877,100.0
742,1.6297352313995361,777.9603781903771,5.226476469976866,783.3072382226967,763.2110240190883,100.0,3.401045561550761,0.1,0.008991003036499023,0.26874852180480957,0.049194288,0.025308428,777.1827458774069,-0.007501348177403999,7.772915318489262,100.0,9600,1.7528135776519775,6.976772930752175e-05,6.94330962449091e-05,783.2841414477408,100.0
743,1.622164249420166,777.2937615937061,6.260915516777551,783.3226070025542,735.1508598335055,100.0,3.706740608345335,0.1,0.009066581726074219,0.3005990982055664,0.048609983,0.026187632,777.1938474490369,-0.007501933447805954,7.766248066552194,100.0,9600,1.7790248394012451,0.00011847724293995393,0.00011564264150958874,783.2213263796659,100.0
744,1.6251137256622314,777.2496716645737,5.672763111983181,783.3173733004019,759.187068878551,100.0,3.5335814155152585,0.1,0.010999202728271484,0.2744297981262207,0.050058924,0.025551349,777.1994298705906,-0.007526449840677264,7.765806883492657,100.0,9600,1.8274321556091309,8.206940428145939e-05,8.169235823410432e-05,783.3084161536116,100.0
745,1.6433002948760986,777.6683945563286,5.255882768306002,783.3053927128581,759.2319800231915,100.0,3.720928456362438,0.1,0.009537220001220703,0.27217674255371094,0.047168832,0.02315521,777.2463263391644,-0.00750515632168017,7.769994843678319,100.0,9600,1.779714584350586,6.905005360660932e-05,7.030936020086139e-05,783.3304357140348,100.0
746,1.6070971488952637,778.0060398936943,5.218507667820208,783.3271742405442,759.2276851163926,100.0,3.613489758616696,0.1,0.00932002067565918,0.283001184463501,0.048236605,0.024057247,777.3222976946174,-0.007461457723115755,7.773788542276885,100.0,9600,1.7530255317687988,5.903186355392746e-05,5.5877718907113846e-05,783.309758115216,100.0
747,1.599900722503662,776.7474137338546,5.184745180968198,783.302958826849,759.1773928637281,100.0,3.5573240050950163,0.1,0.009326457977294922,0.30116724967956543,0.048011217,0.026999453,777.2648092985412,-0.007547630769177502,7.7607857025641565,100.0,9600,1.5466711521148682,7.708206541642422e-05,7.146052700019401e-05,783.3185159119307,100.0
748,1.61482572555542,777.292847469539,5.459347386132202,783.3140713405402,759.1808378480943,100.0,3.3868684099479673,0.1,0.012960433959960938,0.3233664035797119,0.045299705,0.020493923,777.267613115641,-0.007510172306074367,7.7662398276939255,100.0,9600,1.7073860168457031,7.382796561992416e-05,6.793030882897878e-05,783.232391573553,100.0
749,1.5804035663604736,778.255735257187,5.579593686100068,783.3175945073123,759.2031472231068,100.0,4.86797352145947,0.1,0.011781454086303711,0.25584840774536133,0.049206343,0.022364734,777.3664253297956,-0.007465057608003004,7.77586827572533,100.0,9600,1.678985595703125,7.294270383095361e-05,6.91973869650054e-05,783.2165292732467,100.0
750,1.5712330341339111,777.0841970969159,5.636309109000992,783.2873176954223,755.1670218416616,100.0,4.477493478427331,0.1,0.010379314422607422,0.29956960678100586,0.049059376,0.020211888,777.3382025065076,-0.007515501803115838,7.764151164863551,100.0,9600,1.6622889041900635,8.187011938586135e-05,8.134611681968974e-05,779.2579551203745,100.0
751,1.5894529819488525,778.1680461234417,5.973105321141978,783.2983874688988,743.1716759787491,100.0,4.188705187109097,0.1,0.010704755783081055,0.29819345474243164,0.04742988,0.018383771,777.4211868682011,-0.0075095020097974245,7.774990497990203,100.0,9600,1.453657627105713,7.25342923094188e-05,6.780007360287628e-05,783.2157277349756,100.0
752,1.611260175704956,778.1244914957421,4.621798883854487,783.3152026651002,763.183122072365,100.0,3.6574391076039907,0.1,0.010029077529907227,0.3000481128692627,0.046892095,0.022390014,777.4915173309553,-0.007527540935669885,7.774555792397663,100.0,9600,1.855799674987793,5.671109086435992e-05,5.596595292737827e-05,783.2355637621284,100.0
753,1.7933251857757568,776.9575576779035,6.358712852372522,783.3082655570237,755.219992031519,100.0,3.3661693807984623,0.1,0.009608983993530273,0.300459623336792,0.04695866,0.023856845,777.4381213656502,-0.007530173089068492,7.762886493577599,100.0,9600,1.6062147617340088,0.00010519843357519046,0.00010419476798992851,783.2790283679412,100.0
754,1.575573444366455,776.710199119454,4.9515609127968165,783.2964615509537,767.1764163827065,100.0,4.039247599063395,0.1,0.01053929328918457,0.2853200435638428,0.048119243,0.019741183,777.3653291410307,-0.007503172453088336,7.760413494213577,100.0,9600,1.4883644580841064,7.281879993347897e-05,6.723114296188233e-05,783.2835339267351,100.0
755,1.6021513938903809,776.6668265842842,5.522653249533307,783.3281191458339,763.1986614773458,100.0,3.8508340179494773,0.1,0.010982990264892578,0.2556002140045166,0.04753899,0.020802487,777.295478885356,-0.007519305031058426,7.759980694968942,100.0,9600,1.4969477653503418,8.634550817913475e-05,8.845754606760912e-05,783.296760218076,100.0
756,1.6250214576721191,775.959062705439,5.8206181280510325,783.2990530557443,759.1989658263587,100.0,3.807433738236973,0.1,0.009979724884033203,0.288280725479126,0.04855107,0.021798644,777.1618372673644,-0.007513413453692764,7.753319919879641,100.0,9600,1.5707693099975586,8.545385821468409e-05,8.151794335471045e-05,783.2924482453155,100.0
757,1.650939702987671,777.8797550342005,5.575613137448113,783.3249591878165,747.1817417400837,100.0,3.777125440913166,0.1,0.00934147834777832,0.2974815368652344,0.049432684,0.01832848,777.233629044048,-0.007474335534502843,7.772108997798831,100.0,9600,1.4522373676300049,7.594599777463621e-05,6.16362816372754e-05,783.2586505632919,100.0
758,1.6108057498931885,777.5408782987633,5.266116246442625,783.3280023753543,759.192774386263,100.0,4.794426407946131,0.1,0.009446144104003906,0.28401851654052734,0.04848384,0.019607745,777.2643539695196,-0.007530809435449114,7.768719190564551,100.0,9600,1.860245704650879,7.427549824653363e-05,6.96059396973021e-05,783.2975208378556,100.0
759,1.5650575160980225,778.1281832936543,4.726939333283479,783.3134015799337,763.2169219733435,100.0,3.6229060947463863,0.1,0.010680198669433594,0.29468822479248047,0.04816942,0.02229478,777.350736901933,-0.007491537899116977,7.774591795434216,100.0,9600,1.942096471786499,6.0081440608560755e-05,5.662566582475444e-05,783.3028976074606,100.0
760,1.7090134620666504,778.7160113947417,5.001436163531263,783.3133243981727,763.209430891141,100.0,4.1693120765355935,0.1,0.010046005249023438,0.2975502014160156,0.04571806,0.018369462,777.4872643512139,-0.007445553758319431,7.780471112908347,100.0,9600,1.6079180240631104,5.81697950110254e-05,5.81909433761836e-05,783.3040754797332,100.0
761,1.763082504272461,777.4161642820496,5.579991943890705,783.322314703973,759.188796192124,100.0,2.9530665416503488,0.1,0.009232521057128906,0.30436062812805176,0.047595117,0.028565764,777.4801543442975,-0.0075282860682970645,7.767471713931703,100.0,9600,1.6600978374481201,6.52358002916322e-05,6.839582141140654e-05,783.2672234582964,100.0
762,1.62416672706604,777.2483187745316,5.365163090107468,783.3117171470734,763.2030063815105,100.0,3.856873448947272,0.1,0.017266511917114258,0.3062300682067871,0.0487666,0.02591102,777.456970787321,-0.007538547339255506,7.765794785994078,100.0,9600,1.653951644897461,8.392267024739525e-05,7.201806150775637e-05,779.2600484822236,100.0
763,1.6104769706726074,777.7082706008526,4.784036092783817,783.3013362081837,763.2347799222213,100.0,4.298357053885777,0.1,0.009287595748901367,0.2940077781677246,0.04788826,0.020454137,777.4821007686742,-0.007522835839665784,7.770393830827001,100.0,9600,1.5148966312408447,6.232260514738194e-05,6.427656915804228e-05,783.2990337471797,100.0
764,1.5998973846435547,777.7065400035477,5.280910407514714,783.3174938734262,759.2234989482645,100.0,3.8981051136309532,0.1,0.009368896484375,0.3176734447479248,0.04960206,0.023050701,777.5045446921615,-0.007539583766925778,7.770377082899742,100.0,9600,1.5133907794952393,7.082633687554585e-05,6.703589208367205e-05,783.2817954518524,100.0
765,1.627579927444458,777.4552610070286,5.929174192227599,783.3054819454696,755.178009867936,100.0,4.736813378436343,0.1,0.014220952987670898,0.2831239700317383,0.046361614,0.016919503,777.4996163236483,-0.007553271243497452,7.767863395423169,100.0,9600,1.4495372772216797,8.320062460297183e-05,8.394184873781029e-05,783.3030354875427,100.0
766,1.5881285667419434,776.7471179073018,6.755605541118383,783.3124252152245,751.1973860334822,100.0,3.7420985986777806,0.1,0.009519815444946289,0.3170280456542969,0.046974387,0.01976482,777.4243664820136,-0.007551161451568228,7.760782171881766,100.0,9600,1.7241284847259521,0.00010481333802895526,0.00010329657039839081,783.2980048354154,100.0
767,1.5903663635253906,777.1192325985194,6.232084964157189,783.3003927072124,751.1489577836401,100.0,4.19017032878476,0.1,0.00860452651977539,0.26986169815063477,0.048698485,0.02004599,777.3938530936642,-0.007579357605613252,7.76450397572772,100.0,9600,1.8413770198822021,9.877747481906451e-05,9.892075506977661e-05,783.2507157592091,100.0
768,1.7731595039367676,776.7454688415801,5.439508640965126,783.3086772108463,759.1941250036037,100.0,4.706301897625186,0.1,0.011620759963989258,0.2971482276916504,0.04669203,0.018578729,777.3290146684558,-0.007567128310784109,7.7607662050225485,100.0,9600,1.508563756942749,6.992213654228934e-05,6.796327026126984e-05,783.2592732475861,100.0
769,1.6364421844482422,778.1646494681105,4.574093367192095,783.3026166066059,767.1984465825751,100.0,4.4659177398496634,0.1,0.011417150497436523,0.29428601264953613,0.047573455,0.018258248,777.4125781484213,-0.007542347373045805,7.774957652626953,100.0,9600,1.600276231765747,5.306315278911845e-05,5.376684715882098e-05,783.262884148199,100.0
770,1.6682627201080322,777.1593781433725,5.642292025558943,783.3153129194715,763.190995839183,100.0,4.293546344609955,0.1,0.011395692825317383,0.28888440132141113,0.048030104,0.01851756,777.3872581479164,-0.007595182754706529,7.764904817245294,100.0,9600,1.8706309795379639,8.214183664253535e-05,7.87058044175793e-05,783.2987794548229,100.0
771,1.5954101085662842,777.6227717287674,4.647114738693962,783.3104395582685,763.2162244085309,100.0,4.613942401979729,0.1,0.009517431259155273,0.2791786193847656,0.04775803,0.019224847,777.4108095060014,-0.0075449760252855325,7.769538357308048,100.0,9600,1.8456041812896729,6.256997878803054e-05,5.977856547511708e-05,783.3064982071775,100.0
772,1.6143689155578613,777.2438870399965,5.27719117762251,783.2926001706951,763.1731621744669,100.0,4.217943824889103,0.1,0.009216785430908203,0.3040740489959717,0.048342086,0.021045169,777.394117259401,-0.007583655452003342,7.76574967788133,100.0,9600,1.8392508029937744,7.853551681013145e-05,9.059377092347917e-05,783.3068477652962,100.0
773,1.5959270000457764,777.4946518604169,6.03798109231151,783.3049086621351,751.1996047412755,100.0,4.682883732158413,0.1,0.00933384895324707,0.28868865966796875,0.048890345,0.019374833,777.4041707195026,-0.00757645393245204,7.768256879400881,100.0,9600,1.9779367446899414,8.466400948382727e-05,7.897446050014165e-05,783.2922921738144,100.0
774,1.6290669441223145,776.3676761518591,6.543953296160675,783.3148128699792,747.1927067538618,100.0,3.773739544612254,0.1,0.009553670883178711,0.3182671070098877,0.048471745,0.02186975,777.3005212627384,-0.007594383278538924,7.757405616721461,100.0,9600,1.7191007137298584,0.0001009410700119367,9.666265718130868e-05,783.2771716189258,100.0
775,1.651268720626831,777.9946135388054,4.574334440312363,783.3070409463819,767.1246351995549,100.0,3.578588523392244,0.1,0.012496709823608398,0.2781522274017334,0.04959045,0.02679937,777.3699304903452,-0.0075740456276297665,7.7736759543723695,100.0,9600,1.6729815006256104,4.976133020007335e-05,4.890867498108521e-05,779.2867269954659,100.0
776,1.7330803871154785,776.8265954823937,5.800903128762213,783.3075262040704,755.176508462561,100.0,3.9255183968598164,0.1,0.009433984756469727,0.2971663475036621,0.049194165,0.02499612,777.31559698955,-0.007589708768391265,7.761576957898275,100.0,9600,1.709639310836792,0.00010213118149656952,9.241129933380367e-05,783.2764143826896,100.0
777,1.594350814819336,777.0769638431667,4.805445034416144,783.2897218851214,763.2510745073188,100.0,5.245565073664109,0.1,0.011530399322509766,0.27541422843933105,0.044356633,0.013369647,777.2917336749117,-0.007585613458884558,7.764081053207782,100.0,9600,1.602973461151123,5.8953378713106213e-05,5.563150386154518e-05,783.2251257698456,100.0
778,1.6364493370056152,778.3270849004381,4.96234032523857,783.3115243960497,763.2000964300017,100.0,3.4041767917836125,0.1,0.009213447570800781,0.28454041481018066,0.04831359,0.020562284,777.3952687974644,-0.00758381980516978,7.776582846861497,100.0,9600,1.6830689907073975,6.65583969248663e-05,7.414836044500061e-05,783.2784419379796,100.0
779,1.5670149326324463,777.1193051498507,5.816444797488531,783.2967165974911,759.194946935949,100.0,4.71807173030357,0.1,0.00933384895324707,0.30429625511169434,0.04913964,0.016629117,777.367672432703,-0.007579749325295257,7.764503584008037,100.0,9600,1.5102348327636719,0.00010215002693928109,8.148330834871495e-05,783.2782767855339,100.0
780,1.6341311931610107,776.7005940041257,6.076573565496786,783.3008246816152,747.1481954383471,100.0,4.177748926772933,0.1,0.009217500686645508,0.26399660110473633,0.047987036,0.02025093,777.3009645898453,-0.007599368663679843,7.760317298002987,100.0,9600,1.6399867534637451,8.986342965626318e-05,8.911589217521792e-05,783.3168506997556,100.0
781,1.6384828090667725,777.4963349802179,5.176549605480593,783.3011135773766,763.1601346840749,100.0,4.363370078579954,0.1,0.010932207107543945,0.27544307708740234,0.04665311,0.01682597,777.3205016288827,-0.007557898505173198,7.768275434828159,100.0,9600,1.6499121189117432,7.295047796682391e-05,7.074635691652772e-05,783.2911766397393,100.0
782,1.6804957389831543,776.995180390385,5.541406369984137,783.3016663684205,755.1993868267667,100.0,4.294014687923396,0.1,0.012987852096557617,0.29431867599487305,0.047317807,0.018340692,777.2879695050328,-0.007570543946526602,7.763262789386808,100.0,9600,1.6522376537322998,7.053766456083e-05,7.084437037367933e-05,783.2684776432217,100.0
783,1.5850257873535156,777.9188840235687,5.449491495301946,783.3122884078739,763.1702081583887,100.0,4.241322633384272,0.1,0.009102106094360352,0.28920412063598633,0.047821548,0.018195268,777.3510609568865,-0.0075000798172073745,7.772499920182792,100.0,9600,1.923459529876709,7.914493930319715e-05,7.757484781079657e-05,783.3063733666621,100.0
784,1.6855289936065674,777.2519211585313,4.703686317606746,783.3005724324645,767.1823770970987,100.0,4.020825674520535,0.1,0.009335041046142578,0.2844376564025879,0.046391435,0.019453237,777.341146977051,-0.0075047434743863856,7.765828589858946,100.0,9600,2.0081801414489746,5.8766727257650775e-05,6.073566230378239e-05,783.2883342990627,100.0
785,1.6518785953521729,777.708202571931,5.057555027416279,783.3137700602582,759.219729359509,100.0,3.8174334258126974,0.1,0.01322174072265625,0.28270578384399414,0.049026895,0.024024447,777.3778525365391,-0.007523940018042223,7.770392726648626,100.0,9600,1.953202247619629,5.6538869239610574e-05,5.511238213322275e-05,783.2841070704354,100.0
786,1.6396126747131348,777.6689722341783,5.412090055941192,783.3129258141843,759.2276109344391,100.0,3.855513907755409,0.1,0.010103702545166016,0.303663969039917,0.04818123,0.022584483,777.406964506303,-0.007498289403629443,7.770001710596371,100.0,9600,1.713569164276123,7.067549919197153e-05,7.202425380966811e-05,783.2899997597239,100.0
787,1.57718825340271,777.5360578087299,5.573090558443467,783.297489618134,759.183213140559,100.0,4.599879100209095,0.1,0.009452104568481445,0.2807738780975342,0.04838846,0.021182295,777.4198738365458,-0.007578432807221533,7.769088233859445,100.0,9600,1.6737580299377441,7.663896886595869e-05,7.52432782060144e-05,783.2747211791677,100.0
788,1.6079816818237305,777.122493501853,5.963355060076454,783.3292767661305,747.1761431283066,100.0,5.08550703395042,0.1,0.00914764404296875,0.26920008659362793,0.048445392,0.017096179,777.3901358030765,-0.007548042931215971,7.764951957068784,100.0,9600,1.7487249374389648,8.913808451949572e-05,8.830505642322626e-05,783.3002123309114,100.0
789,1.579615592956543,777.2007991653071,5.142466581955076,783.2929062476289,755.187859914258,100.0,4.360544606178991,0.1,0.009212017059326172,0.291764497756958,0.045740616,0.020043226,777.3712021392996,-0.007597408251765331,7.765735925081568,100.0,9600,1.5532479286193848,6.815577351870808e-05,6.88485454489839e-05,783.2843431788594,100.0
790,1.6295819282531738,777.6268668518991,5.097223073733923,783.3025591068357,763.1896065157036,100.0,3.690461357353934,0.1,0.011203527450561523,0.29886317253112793,0.046899986,0.023364626,777.3967686105595,-0.007504178503059229,7.769579154830274,100.0,9600,1.7942705154418945,7.190859898342005e-05,6.892905374150486e-05,783.3064856674325,100.0
791,1.7866458892822266,778.0852415751505,5.490284896195233,783.3084941100286,759.2034607717021,100.0,4.783663907804277,0.1,0.01185464859008789,0.29186582565307617,0.044027902,0.013475075,777.4656159070187,-0.007502159315122131,7.7741645073515455,100.0,9600,1.724517583847046,7.213307109201092e-05,7.560450055591486e-05,783.296587089262,100.0
792,1.584834337234497,777.162641472106,5.489729831246223,783.2911950375195,759.1752882780934,100.0,3.890764593090871,0.1,0.009977102279663086,0.30339527130126953,0.04930511,0.024982672,777.4353184635274,-0.007563148638750079,7.76493685136125,100.0,9600,1.6647915840148926,7.077032964096402e-05,6.939579377942328e-05,783.308205798244,100.0
793,1.5920345783233643,777.3311200435788,5.044003297052415,783.3013484718088,759.2402251352246,100.0,5.402389920113197,0.1,0.009206056594848633,0.26641297340393066,0.04878825,0.01810296,777.4248986215325,-0.007545345297104845,7.766621321369563,100.0,9600,1.6548583507537842,6.966797289862703e-05,6.857368620125631e-05,783.2655949342102,100.0
794,1.627655267715454,778.1168049105332,4.864412180365899,783.327012433047,755.1718542407153,100.0,3.614813911716633,0.1,0.010360479354858398,0.29915881156921387,0.049194917,0.02369406,777.4940892504326,-0.007604375545912615,7.77447895778742,100.0,9600,1.7721929550170898,5.6282967774798716e-05,5.7098980575899377e-05,783.2710809665173,100.0
795,1.5828173160552979,777.8744933702351,5.073498373788536,783.3067886185602,759.224213319393,100.0,4.379129987172168,0.1,0.013580322265625,0.2837531566619873,0.047191307,0.016385669,777.5321296624129,-0.007527610601213641,7.772055722732119,100.0,9600,1.6096317768096924,7.410751362624684e-05,7.610992678188877e-05,783.2738165743747,100.0
796,1.608813762664795,778.0832220671564,5.011935574672942,783.3153893058363,763.1964205486495,100.0,3.7261274562409894,0.1,0.009445667266845703,0.28603029251098633,0.047537293,0.022944845,777.5872389028873,-0.007522006213064254,7.774144660453601,100.0,9600,2.044281482696533,6.736137723142452e-05,6.258981039400815e-05,783.2832527416438,100.0
797,1.6166577339172363,778.9590734391885,4.263673457120375,783.2991039901649,759.2084409082582,100.0,4.64951839249618,0.1,0.009165525436401367,0.29279470443725586,0.04727595,0.017901676,777.7244223565174,-0.0075141381503310845,7.782902528516336,100.0,9600,1.546311616897583,4.3252060730242895e-05,4.515076596555691e-05,783.2891553126483,100.0
798,1.6254169940948486,778.544553663263,4.63033124720757,783.3221064235604,763.2422812853519,100.0,4.258646440979129,0.1,0.009336709976196289,0.27947497367858887,0.04934991,0.020852165,777.806435487192,-0.0074923237647347846,7.778757676235266,100.0,9600,1.6653666496276855,5.795709063596609e-05,5.980375679415666e-05,783.2801623760145,100.0
799,1.7198104858398438,777.3744028710927,5.394600850487174,783.3018185166096,759.1855995588106,100.0,3.982762026319588,0.1,0.0099945068359375,0.28573131561279297,0.048669368,0.021999454,777.7632322255821,-0.007527764308014498,7.767055569025319,100.0,9600,1.62510347366333,9.002179694948909e-05,8.679018646769393e-05,783.2353027491004,100.0
800,1.6154654026031494,777.9581000127082,4.962707408219073,783.3110299863447,763.2004008229665,100.0,3.657398213695909,0.1,0.00931692123413086,0.31185388565063477,0.047064416,0.02145982,777.7827190042948,-0.007524833092346824,7.77289183357432,100.0,9600,1.6418216228485107,6.706046003153817e-05,5.897831876714309e-05,783.2864381190336,100.0
801,1.5981473922729492,777.2463363964088,5.7055503037821955,783.3150766312165,759.2352342949274,100.0,3.4849148102536276,0.1,0.0071201324462890625,0.30778956413269043,0.04988022,0.02100258,777.7290807435062,-0.007558914989444808,7.765774418343888,100.0,9600,1.703300952911377,7.31290289616822e-05,7.53181409199859e-05,783.2666254823596,100.0
802,1.6710009574890137,777.4588266617292,5.641981103227207,783.3101604684973,759.1759352589667,100.0,4.052017578466444,0.1,0.009229660034179688,0.27852439880371094,0.0491188,0.023731317,777.7020553353284,-0.0075173811226981494,7.767899285543969,100.0,9600,1.731959581375122,8.232035862270826e-05,7.935818503573478e-05,783.2576905970178,100.0
803,1.5905249118804932,778.6259505798802,4.856975390385049,783.3022730949873,755.1872450486777,100.0,3.580767888048135,0.1,0.009436368942260742,0.26711034774780273,0.047983836,0.024168441,777.7944448597837,-0.007511674785277323,7.779988325214724,100.0,9600,1.686570167541504,6.246318996546583e-05,6.264134141823036e-05,783.231807600564,100.0
804,1.5770549774169922,777.330424599455,5.612341437537049,783.3060825705651,755.1711906528502,100.0,4.456932909302519,0.1,0.009828329086303711,0.29338622093200684,0.049543317,0.020545537,777.7480428337508,-0.007551915848087338,7.766614750818579,100.0,9600,1.5764479637145996,7.124338946738042e-05,7.201769839869386e-05,783.3070368657858,100.0
805,1.5976653099060059,777.7894341403795,5.117510784100421,783.3222831916802,759.2145964130392,100.0,3.675735768854647,0.1,0.00908970832824707,0.29502224922180176,0.04879164,0.024495337,777.7521819644137,-0.007544335782114498,7.771622330884552,100.0,9600,1.8462331295013428,8.191945058484836e-05,8.003819584246846e-05,783.2424067856542,100.0
806,1.707625389099121,777.5027026992351,5.423226755752037,783.3110291065841,759.2139523186049,100.0,4.528191426756877,0.1,0.009285211563110352,0.28049492835998535,0.049067926,0.018937686,777.7272340378959,-0.007496262694025753,7.768337070639308,100.0,9600,1.7388455867767334,5.793850730948094e-05,5.785199444448249e-05,783.3016431091665,100.0
807,1.5955567359924316,777.9171966121363,4.477582099005772,783.3183568951715,767.172392962773,100.0,3.813222542042134,0.1,0.009287118911743164,0.2551300525665283,0.04940411,0.026577935,777.74623029532,-0.007517241157617079,7.772482758842384,100.0,9600,1.7257070541381836,5.301013969310329e-05,5.277120233814678e-05,783.2521053971851,100.0
808,1.5811643600463867,778.1336920560371,5.136257394561487,783.3147053963028,763.2024307796805,100.0,3.489109177337113,0.1,0.009161233901977539,0.25522541999816895,0.04782736,0.023641478,777.7849764713917,-0.007435926403934693,7.774647406929399,100.0,9600,1.7502374649047852,6.706218928951556e-05,6.590030000842486e-05,783.2704129852981,100.0
809,1.591475486755371,777.6738537324621,4.926856562612875,783.3125968690749,763.202636890403,100.0,4.898835096994622,0.1,0.00919961929321289,0.2630600929260254,0.045771405,0.01708375,777.7738641974988,-0.007449868557152117,7.770466798109514,100.0,9600,1.6546919345855713,7.426769819009101e-05,7.665219150880928e-05,783.2810650064955,100.0
810,1.6292076110839844,777.1254084016164,5.584208932198746,783.3098578253538,759.205203694901,100.0,3.926481544923497,0.1,0.009275197982788086,0.31591796875,0.04635793,0.01958251,777.7090186179106,-0.007516858394085395,7.764566474939247,100.0,9600,1.736253023147583,8.643613442339704e-05,7.986488183091452e-05,783.2662732061983,100.0
811,1.612966775894165,777.5834476073505,5.4786092903182855,783.3006310148569,759.21156886883,100.0,4.4753970158568555,0.1,0.007281303405761719,0.2754213809967041,0.047425754,0.018863264,777.6964615168547,-0.0075204449047602375,7.769146221761907,100.0,9600,1.6832084655761719,7.944888241359295e-05,7.905500308497716e-05,783.2634179990106,100.0
812,1.5844321250915527,777.3383826636676,5.553972371441656,783.3138307009059,755.174418406131,100.0,3.7446736561311558,0.1,0.011709928512573242,0.28270411491394043,0.048329026,0.019973023,777.660653631536,-0.0074716692685746966,7.766694997398093,100.0,9600,1.579350471496582,6.615222657225098e-05,6.755312592936669e-05,783.297696113245,100.0
813,1.6558656692504883,778.1662671732039,4.861657776149124,783.3183766046035,759.2209136848873,100.0,4.570870993632767,0.1,0.00988149642944336,0.29103827476501465,0.048435405,0.021225777,777.7112149857028,-0.007527528924758726,7.774972471075241,100.0,9600,1.6971254348754883,5.786494856581692e-05,5.729580443790046e-05,779.3012880181426,100.0
814,1.7655448913574219,777.5848016821814,5.952963228522021,783.3060305306324,747.1286995798436,100.0,4.132812472875886,0.1,0.009500265121459961,0.2711598873138428,0.048021756,0.022128986,777.6985736553507,-0.007507208755932415,7.769159457910733,100.0,9600,1.5389049053192139,8.558691696306561e-05,8.247340251248444e-05,783.2677405601676,100.0
815,1.608182668685913,778.1228379433275,4.832672897740223,783.289484592493,759.1853047436266,100.0,4.876675917422501,0.1,0.009371757507324219,0.29752564430236816,0.04856984,0.01467508,777.7410000841485,-0.007541830286237884,7.774958169713762,100.0,9600,1.8294994831085205,6.274695432300999e-05,6.392001195085374e-05,783.279811521154,100.0
816,1.5889792442321777,777.2888361087157,5.75827068780886,783.3181444957538,759.2086747233454,100.0,3.8792252958103597,0.1,0.011038541793823242,0.3059077262878418,0.04719469,0.021100996,777.6957836866052,-0.007550251765805406,7.766199748234196,100.0,9600,1.6468417644500732,7.693104706609845e-05,8.23506280059197e-05,783.2268452858226,100.0
817,1.623687744140625,777.4110032306195,5.490552015122163,783.2930198054203,759.1373790419686,100.0,4.1188180664335,0.1,0.012251615524291992,0.3007192611694336,0.04712923,0.01872413,777.6673056410066,-0.0075776666480041124,7.767839000018662,100.0,9600,1.6411466598510742,8.00655430506993e-05,7.484138986013986e-05,783.2656065693335,100.0
818,1.5891921520233154,776.7883293752717,4.925648959503314,783.3086692551121,763.1945991724361,100.0,4.23874226248529,0.1,0.00935983657836914,0.31368184089660645,0.046422143,0.018950248,777.5794080144332,-0.007556133698593486,7.761193866301407,100.0,9600,1.7216804027557373,6.780776012109038e-05,6.790765336846301e-05,775.2443449688499,100.0
819,1.6328063011169434,776.833849938948,6.222593095027694,783.3012282249714,759.1840463839119,100.0,3.671523657404646,0.1,0.009267091751098633,0.30738377571105957,0.047983453,0.022078335,777.5048522068847,-0.007516684047780958,7.761649982618884,100.0,9600,1.639683723449707,7.325373821443291e-05,7.55051331905545e-05,783.263406916776,100.0
820,1.5788607597351074,777.9208619203715,4.729330685776614,783.3148292697703,759.1687087543133,100.0,3.8188748219837985,0.1,0.009125232696533203,0.3057823181152344,0.04689902,0.018829925,777.5464531782334,-0.007479546150026495,7.772520453849974,100.0,9600,1.9035131931304932,6.658472731834554e-05,6.667019156994877e-05,783.2146154666715,100.0
821,1.780285358428955,776.0337118392769,6.090129382043221,783.2976418796173,759.1870952690158,100.0,3.8487862847475967,0.1,0.009340524673461914,0.274857759475708,0.04631396,0.02031174,777.3951790443377,-0.007602332883212319,7.7536476671167875,100.0,9600,1.8258967399597168,0.0001020320629407897,0.00010313657394536019,783.2792267927231,100.0
822,1.6013710498809814,777.3797452820987,5.461293444169969,783.3056603396748,759.1780253415038,100.0,4.09917552905189,0.1,0.009611368179321289,0.3124430179595947,0.049490616,0.023078524,777.3936356681138,-0.007474107978106637,7.767525892021893,100.0,9600,1.9532134532928467,7.501097117111788e-05,7.440781024139016e-05,779.2833124209952,100.0
823,1.6005606651306152,777.2935106100218,5.3057489032631535,783.316503279402,759.1909884527687,100.0,3.922729888866103,0.1,0.011662721633911133,0.3111152648925781,0.048277598,0.023001473,777.3836231623046,-0.0075034254825548695,7.766246574517443,100.0,9600,1.7385015487670898,6.084355697794292e-05,6.019181278061204e-05,783.2240146292763,100.0
824,1.5831141471862793,777.2086099659278,5.495283242653931,783.3050879951521,759.1338370632486,100.0,3.8318308980556433,0.1,0.008659124374389648,0.28604793548583984,0.04615943,0.021613276,777.366121842667,-0.007519404883432193,7.765397261783235,100.0,9600,1.6238939762115479,7.040386953166898e-05,6.986288201001001e-05,783.2798537238075,100.0
825,1.6179759502410889,778.298040183483,4.693442787417362,783.3064754163654,763.2133668416062,100.0,4.035181574722688,0.1,0.009230375289916992,0.2797079086303711,0.0481936,0.022438403,777.4593136767486,-0.007457629874750025,7.77629237012525,100.0,9600,1.768425703048706,6.262270154050361e-05,5.2941719338741276e-05,783.2625570804612,100.0
826,1.6194252967834473,777.3355774506022,4.945949616898263,783.3179612021262,759.1975850309948,100.0,4.083669979139173,0.1,0.009363412857055664,0.29900217056274414,0.049602505,0.02237265,777.446940054134,-0.007500064417679104,7.766666602248988,100.0,9600,1.7842533588409424,6.702665596465001e-05,6.503404709949249e-05,783.2730075843492,100.0
827,1.5916023254394531,777.2944145509546,5.39891989923476,783.3148509187677,759.1646397630323,100.0,4.2963575977119195,0.1,0.00934457778930664,0.2901895046234131,0.047817454,0.02213624,777.431687503816,-0.007493099554064971,7.766673567112602,100.0,9600,1.5117316246032715,7.511673777511015e-05,7.498279792153823e-05,783.2453750014635,100.0
828,1.7132010459899902,777.9606827309184,4.350653235186738,783.299691579227,763.2370066964668,100.0,4.370531137076674,0.1,0.009421348571777344,0.30622148513793945,0.049354456,0.019563317,777.4845870265262,-0.0074994711194236695,7.772917195547243,100.0,9600,2.0169849395751953,5.358017601330003e-05,5.488205377521638e-05,783.2674817435088,100.0
829,1.7447810173034668,777.9554944396027,5.286431931817692,783.3146686902728,759.1982760652352,100.0,4.745633050888192,0.1,0.011812448501586914,0.2779533863067627,0.050269306,0.02074606,777.531677767834,-0.007551431825150903,7.7728652348415155,100.0,9600,1.509223222732544,7.585341685407319e-05,7.332593625685386e-05,783.2710017441842,100.0
830,1.6009275913238525,778.411484684099,5.1073383574777695,783.3105014696883,755.1773385886953,100.0,4.255779120677006,0.1,0.009220600128173828,0.2858874797821045,0.047800627,0.019121205,777.6196584594605,-0.0075747730693511124,7.7774252269306485,100.0,9600,1.9385349750518799,6.88348252511143e-05,6.720816476459803e-05,783.2760965062697,100.0
831,1.6216404438018799,776.7453161404063,5.530693456809191,783.315803271446,759.1623318030252,100.0,4.185867961616966,0.1,0.01075434684753418,0.28278255462646484,0.048816606,0.02051051,777.5322242275552,-0.007568072016619558,7.761181927983382,100.0,9600,1.8003084659576416,8.486189212507527e-05,8.397453803166742e-05,783.2672898870289,100.0
832,1.591280221939087,777.2514630140927,6.395931126856383,783.3276860350273,751.165059156444,100.0,5.068946849786556,0.1,0.009344339370727539,0.2984158992767334,0.048254263,0.016388597,777.504148106209,-0.007508460979736592,7.765824872353597,100.0,9600,1.7656505107879639,8.663430653930414e-05,8.685875287288509e-05,783.3032605465522,100.0
833,1.586522102355957,777.9157926026105,4.832672301854244,783.3052246861965,763.1960113301977,100.0,3.699117111374227,0.1,0.010184526443481445,0.2977912425994873,0.04824748,0.024065902,777.5453125558491,-0.007531905417650438,7.77246809458235,100.0,9600,1.670119047164917,6.77950545623402e-05,8.125802149351782e-05,783.2712716514262,100.0
834,1.5817742347717285,777.7482805519418,5.617300921058323,783.2924670709634,759.2059259442275,100.0,4.469711656253829,0.1,0.009534835815429688,0.3165295124053955,0.0487759,0.018885318,777.5656093554585,-0.007540021665692713,7.770793311667641,100.0,9600,1.756772518157959,8.841715914008879e-05,8.169643718564325e-05,783.2412646138932,100.0
835,1.6076340675354004,775.8696766333201,6.217217436732429,783.3005139572184,755.1727319115747,100.0,3.461289837815023,0.1,0.010723590850830078,0.3019218444824219,0.045071308,0.022385092,777.3960160832446,-0.007576677206953685,7.752006656126379,100.0,9600,1.7970128059387207,0.0001112707280598518,0.00010211158515979734,783.325869399106,100.0
836,1.717104196548462,776.9950321525781,5.428304655593245,783.3179472590132,759.1485874441349,100.0,3.4151082352916977,0.1,0.009233951568603516,0.29542040824890137,0.049371496,0.02762586,777.355917690178,-0.007572158243963453,7.763261175089369,100.0,9600,1.5352845191955566,8.641423364805832e-05,8.57147232371512e-05,783.26721302572,100.0
837,1.7697734832763672,776.6218872880437,5.839883196670171,783.315337184074,751.1514129901957,100.0,4.052215711321797,0.1,0.009337663650512695,0.274014949798584,0.04559635,0.02089824,777.2825146499646,-0.007555307441514521,7.759528025891818,100.0,9600,1.7560336589813232,7.347785694392634e-05,7.425011494669206e-05,783.2594272643191,100.0
838,1.6339330673217773,777.872264958648,5.513238191019006,783.2974019285427,759.2000537468897,100.0,3.9260925934976796,0.1,0.016252517700195312,0.31119251251220703,0.048891854,0.022500668,777.341489680833,-0.007548942389716744,7.772034390943617,100.0,9600,1.7588260173797607,7.983931633857718e-05,7.900087188792333e-05,783.1633579170239,100.0
839,1.5714654922485352,777.1645582617044,6.312486895134671,783.3010059149451,759.1737728938199,100.0,5.11602120524219,0.1,0.010912656784057617,0.30095601081848145,0.04849003,0.020109605,777.3237965389201,-0.007544375391211407,7.764955624608788,100.0,9600,1.5809576511383057,0.00010694836008271514,0.00010714764973127082,783.2659950466602,100.0
840,1.6398932933807373,777.2003310916347,5.988370078886066,783.2962293303715,751.2061961690786,100.0,3.9147930544890914,0.1,0.008129358291625977,0.30736351013183594,0.048431944,0.024180844,777.3114499941917,-0.007601975994113584,7.765314690672554,100.0,9600,1.9593455791473389,8.329264872873008e-05,8.324030636086141e-05,783.2558234322391,100.0
841,1.5631699562072754,777.5837602869284,5.197791731319017,783.3083549749882,763.1969970373482,100.0,4.426378634021004,0.1,0.00992441177368164,0.29981017112731934,0.047234155,0.018013634,777.3386810234654,-0.007518295878904617,7.769148370787762,100.0,9600,1.6723299026489258,6.752189679644855e-05,6.46001648257919e-05,783.2668167952155,100.0
842,1.6342980861663818,777.3335030167312,4.807226046870903,783.3072507616953,759.2102424810952,100.0,3.8356834075924673,0.1,0.01048898696899414,0.282212495803833,0.048349153,0.023867603,777.338163222792,-0.007519767452810268,7.766646899213856,100.0,9600,1.5451669692993164,6.414796383212633e-05,6.12791641254506e-05,783.2811980760536,100.0
843,1.635897159576416,777.1245099977783,6.066418508807087,783.330434288356,755.2055423315101,100.0,3.6841864344007442,0.1,0.012088775634765625,0.28824353218078613,0.049087618,0.023025185,777.3167979002907,-0.00752748837161114,7.7645558449617225,100.0,9600,1.8025662899017334,9.909405375783974e-05,9.904246064881994e-05,779.294867123813,100.0
844,1.6027629375457764,777.3743043890812,4.592839382410219,783.2937120921649,767.2004771211806,100.0,3.5030433472135045,0.1,0.010316133499145508,0.3002948760986328,0.04651381,0.021882363,777.3225485491698,-0.007529089913838234,7.767054243419495,100.0,9600,1.812082290649414,5.725509034825859e-05,5.8207543854539474e-05,783.2943454917689,100.0
845,1.742142915725708,776.9578821104973,6.173306812199799,783.3179713308734,755.1650739134552,100.0,3.9734420555789542,0.1,0.009253740310668945,0.2644505500793457,0.046445686,0.01821733,777.2860819053026,-0.007527086314793381,7.762889580351872,100.0,9600,1.4946868419647217,7.357917966593397e-05,7.3450658250343e-05,783.2778663864507,100.0
846,1.593893051147461,777.1642125551712,4.8094104283614065,783.2996566455744,763.1454900705155,100.0,3.841362267537279,0.1,0.009275436401367188,0.29125404357910156,0.049334273,0.023977773,777.2738949702895,-0.007547240218233783,7.7649527597817665,100.0,9600,1.7609872817993164,7.26025631553536e-05,7.329848080740271e-05,783.2985329499228,100.0
847,1.5815691947937012,777.7904955487946,5.1843468987742565,783.320898268923,763.1658072450152,100.0,4.178830117588944,0.1,0.010359048843383789,0.29781079292297363,0.046046115,0.01720871,777.3255550281399,-0.007534177894675989,7.771215822105325,100.0,9600,1.7359120845794678,6.8735880637026e-05,6.935601926439153e-05,783.2533625693384,100.0
848,1.6362147331237793,778.2543909853493,4.739936415375297,783.3146006537197,763.2092300895868,100.0,4.184271888578531,0.1,0.009456396102905273,0.2615976333618164,0.046586387,0.020917455,777.4184386238609,-0.007477958115360475,7.775855375217975,100.0,9600,1.9137485027313232,6.045599656039606e-05,5.8252881848443915e-05,783.3095706014221,100.0
849,1.638707160949707,776.1233634503569,4.917216210577119,783.3069620930706,763.1801267176476,100.0,4.159485748753201,0.1,0.009994268417358398,0.2758066654205322,0.047499247,0.016059648,777.2889311065105,-0.007538582610293082,7.754544750723041,100.0,9600,1.7470676898956299,7.001112587432902e-05,6.660289844157083e-05,783.2629572497748,100.0
850,1.589310884475708,777.3793129564423,5.61605482749127,783.3214021769217,755.1485926985838,100.0,4.107538816391203,0.1,0.009238719940185547,0.29906249046325684,0.045503344,0.019151649,777.2979692915037,-0.0074790872882514155,7.767104246045082,100.0,9600,1.8058068752288818,8.843551390248674e-05,8.763536584610077e-05,783.2696944914952,100.0
851,1.6203365325927734,777.047927805026,5.396904472990652,783.3202025060879,759.2106201563661,100.0,4.1484912636519,0.1,0.009484529495239258,0.27318334579467773,0.048208985,0.019952482,777.272965142856,-0.007460265244755463,7.763789734755245,100.0,9600,1.864623785018921,7.251470228947807e-05,8.103443656996885e-05,783.2542096441248,100.0
852,1.7912561893463135,776.7056130811476,5.245532542424132,783.303151827061,759.1937442602466,100.0,4.803804729917032,0.1,0.014809131622314453,0.27796030044555664,0.047665317,0.016492084,777.2162299366852,-0.0075500659112066985,7.76036660075546,100.0,9600,1.6485023498535156,8.613058248602624e-05,8.159207309798176e-05,783.2664867103255,100.0
853,1.569843053817749,777.626934195283,4.93362403515068,783.3179125570484,763.1772647451828,100.0,4.80841155117064,0.1,0.009039163589477539,0.28805971145629883,0.046911303,0.016482642,777.257300362545,-0.007503168782104388,7.769580164551229,100.0,9600,1.8234889507293701,7.804321730555357e-05,6.633916885497284e-05,783.2593961834565,100.0
854,1.5975961685180664,776.7881416966135,5.4733489496860095,783.297243335146,755.1706727637412,100.0,4.854353113748898,0.1,0.009178638458251953,0.2842850685119629,0.047170404,0.017140351,777.2103844959519,-0.0075580579799297476,7.761191942020069,100.0,9600,1.601747751235962,7.558344822269609e-05,7.906508630565649e-05,783.3019140453722,100.0
855,1.5898475646972656,777.534389923132,5.204752562877901,783.2946638682265,759.1629823061438,100.0,4.622249257412546,0.1,0.009700536727905273,0.29120826721191406,0.049647406,0.016764907,777.2427850386699,-0.007596433701475819,7.768653566298524,100.0,9600,1.9037508964538574,7.311307396708154e-05,6.31880566586397e-05,783.2632931065648,100.0
856,1.6458868980407715,776.8333115187738,4.8264161592575805,783.303773793457,763.163901027634,100.0,4.583483105773654,0.1,0.010451316833496094,0.30138468742370605,0.04884859,0.01858268,777.2018376866803,-0.007521064297371069,7.762062269035963,100.0,9600,1.7315449714660645,7.006693644687339e-05,6.592965225930493e-05,783.268245952147,100.0
857,1.594712495803833,777.1640286784249,5.903423361786422,783.2962042769292,755.1521659716726,100.0,4.0322434760235675,0.1,0.009480953216552734,0.3045973777770996,0.047811646,0.021979367,777.1980567858548,-0.007549679310507863,7.7649503206894925,100.0,9600,1.8845815658569336,9.094606890470439e-05,0.00010075386833538403,783.302078521826,100.0
858,1.5905303955078125,776.748381891021,5.851421812907753,783.3073471438809,751.1843860132267,100.0,3.9978940143176263,0.1,0.009400367736816406,0.30233335494995117,0.048534106,0.017185427,777.1530892963715,-0.007539196171058804,7.760794137162274,100.0,9600,1.6917824745178223,8.476810531664973e-05,8.961337891462676e-05,783.3118313086666,100.0
859,1.8196897506713867,777.5862160368083,5.720833183388425,783.3025367708376,755.1807914234403,100.0,3.4602930960784644,0.1,0.011030912399291992,0.2941286563873291,0.04879181,0.023862505,777.1964019704152,-0.007493845461603125,7.769172821205063,100.0,9600,1.788562536239624,7.288799543057741e-05,6.341765782236306e-05,783.2997094055215,100.0
860,1.7709903717041016,778.2125135358659,4.187169737505631,783.3050656117406,767.1963534833576,100.0,3.571385701358796,0.1,0.010518550872802734,0.28395891189575195,0.04764194,0.022786431,777.2980131269603,-0.007481436300821547,7.775435230365846,100.0,9600,1.67671537399292,4.9567073956778827e-05,4.466563478195545e-05,783.3157696357229,100.0
861,1.609694480895996,777.8841972442187,4.731265226947412,783.3057279560079,759.203723002632,100.0,4.019569443120382,0.1,0.009835243225097656,0.26579952239990234,0.047876306,0.020310253,777.3566315386861,-0.00743064552652721,7.772152687806805,100.0,9600,1.5957272052764893,5.4905521333102946e-05,5.833817204206859e-05,783.2495628571693,100.0
862,1.611699104309082,777.0398132808805,5.043502917297422,783.3235841580638,763.183144933433,100.0,3.559384508424727,0.1,0.015218734741210938,0.28163981437683105,0.048805725,0.022417413,777.3249497129055,-0.007540068481150112,7.76370993151885,100.0,9600,1.6585593223571777,6.041498062790275e-05,6.197557391227015e-05,783.3050184630702,100.0
863,1.5823147296905518,777.3767834661785,5.2733230170453576,783.3089409012455,759.2270989807708,100.0,3.8437299980030653,0.1,0.010583639144897461,0.31348347663879395,0.047936972,0.020718684,777.3301330882329,-0.0075043393676600375,7.767078993965673,100.0,9600,1.643491268157959,7.19233420846597e-05,7.583372884276354e-05,783.3052399593645,100.0
864,1.5870468616485596,777.125245058737,5.4919484828156175,783.3095330346421,763.1907910513809,100.0,3.8194429123405964,0.1,0.010112762451171875,0.29823827743530273,0.045606956,0.018912042,777.3096442852833,-0.007518972642867847,7.764981027357133,100.0,9600,1.8938217163085938,7.826673052256478e-05,7.224713868769038e-05,783.241302295998,100.0
865,1.6395556926727295,777.2906925479798,5.302080479190016,783.2924099713796,763.1798358513154,100.0,3.680316353082513,0.1,0.00953364372253418,0.3152930736541748,0.047418606,0.024492608,777.307749111553,-0.0075307668824797095,7.766635899784187,100.0,9600,2.0169222354888916,7.680950371536944e-05,7.997067828938562e-05,783.3041766920966,100.0
866,1.620159387588501,776.9974688966776,5.240195331670518,783.309534398608,763.1475943513897,100.0,4.120320832542137,0.1,0.014930963516235352,0.2613387107849121,0.04754436,0.021030787,777.2767210900654,-0.00754753810595507,7.763285795227379,100.0,9600,1.8915669918060303,7.763329070485898e-05,7.777944029109346e-05,783.3072113171786,100.0
867,1.6285991668701172,776.7018199642947,5.680062370692345,783.298779612657,759.1271431245285,100.0,3.877630880568349,0.1,0.009334325790405273,0.28507113456726074,0.049223974,0.024996996,777.2192309774883,-0.007586435023123857,7.760330231643543,100.0,9600,1.8786132335662842,6.80078485585911e-05,6.226530146969185e-05,783.2918896933788,100.0
868,1.780142068862915,777.0008641928989,6.170278498640702,783.3067413217576,751.1862797302471,100.0,3.600993923143322,0.1,0.009225606918334961,0.2963085174560547,0.04931624,0.024105115,777.1973942990294,-0.00751378688024923,7.763319546453084,100.0,9600,1.8212909698486328,7.319740753854346e-05,7.644226788013345e-05,783.2702491413417,100.0
869,1.5801630020141602,776.8301612560572,5.324871211835911,783.3051811677019,755.2087785275197,100.0,4.006246984759923,0.1,0.010383844375610352,0.32860636711120605,0.045873318,0.018421786,777.1606709947322,-0.00755389352663836,7.762029439806696,100.0,9600,1.7797765731811523,6.665789044565467e-05,6.058016841270402e-05,783.2687388026559,100.0
870,1.5895087718963623,776.9496750029297,5.724433138388013,783.3034048935616,755.143967708703,100.0,3.1680233045030577,0.1,0.011067390441894531,0.26431870460510254,0.04850907,0.026070906,777.1395713955519,-0.0076082344392856575,7.762808432227381,100.0,9600,1.5548288822174072,7.184409440656598e-05,7.035413884027138e-05,779.2819429953084,100.0
871,1.5876281261444092,778.4168241937577,4.974213543648854,783.31502685111,763.1760209098176,100.0,3.3947781463901157,0.1,0.009355306625366211,0.2793855667114258,0.04864093,0.025939224,777.2672966753726,-0.007520630922959178,7.777479369077041,100.0,9600,1.6336758136749268,4.738316767145325e-05,3.87651681754878e-05,783.3057944087778,100.0
872,1.613495111465454,778.3357308838868,5.160837257847805,783.3242801437533,759.2032304178815,100.0,3.816807454588981,0.1,0.009211063385009766,0.27455878257751465,0.048297647,0.024157697,777.374140096224,-0.007497771247857328,7.776668895418808,100.0,9600,1.8575046062469482,7.060344150355671e-05,7.059640142415504e-05,783.2857175962492,100.0
873,1.6193363666534424,777.5042406918652,6.009978344652426,783.3115639961796,755.1836798136391,100.0,4.296578267443933,0.1,0.013394832611083984,0.30611610412597656,0.048197564,0.022257762,777.387150155788,-0.00747996054178382,7.768353372791549,100.0,9600,1.5796959400177002,9.419982836407503e-05,8.874201700971717e-05,783.3118597304925,100.0
874,1.598313570022583,777.9146422833809,5.358714562140322,783.3077687261282,763.203261404463,100.0,3.6387760921306596,0.1,0.012606382369995117,0.30390214920043945,0.0475624,0.023287047,777.4398993685473,-0.007542040080187508,7.772457959919812,100.0,9600,1.6839087009429932,7.496785804876876e-05,7.022078128552196e-05,783.3113547457026,100.0
875,1.5951545238494873,778.5832516346436,5.294237086506904,783.2979969291234,759.1745408271214,100.0,4.262821321593748,0.1,0.009845256805419922,0.2885725498199463,0.046399374,0.017974429,777.5542345951569,-0.007523474404522318,7.779143192262144,100.0,9600,1.7313494682312012,7.652096597772326e-05,7.506031166215495e-05,783.3080309863922,100.0
876,1.7801134586334229,777.5863138728597,5.070114288986876,783.3176820106396,763.2198305802158,100.0,4.165252753991899,0.1,0.01134943962097168,0.29492735862731934,0.049508367,0.020940043,777.5574425229272,-0.007491560519975464,7.7695917728133574,100.0,9600,1.6835486888885498,7.952657017927471e-05,9.143543611501977e-05,783.2972421384984,100.0
877,1.6550614833831787,777.7548782699922,5.023676630225999,783.3114675188009,759.1861021795185,100.0,3.9098536068225447,0.1,0.009234905242919922,0.27358174324035645,0.045396354,0.016636955,777.5771860976337,-0.0074738880298389244,7.770859445303493,100.0,9600,1.81056547164917,6.983515406477194e-05,5.451984939109265e-05,783.2777777138169,100.0
878,1.5955851078033447,778.0033804685404,4.958270678636776,783.2985508699801,767.1997099940509,100.0,4.594671843010025,0.1,0.010671854019165039,0.2886159420013428,0.04491449,0.014686211,777.6198055347243,-0.007488928846648872,7.773344404486686,100.0,9600,1.6899433135986328,6.355091748771734e-05,7.366223965562515e-05,783.3183929825422,100.0
879,1.5872504711151123,778.4210824996935,5.0821748650105745,783.3096656884296,759.1775607680537,100.0,4.700303029613457,0.1,0.009897232055664062,0.2811555862426758,0.049102835,0.017114358,777.6999332312212,-0.007477963234343389,7.777522036765657,100.0,9600,1.971454381942749,7.195979002786365e-05,6.72804632494271e-05,783.3101825812931,100.0
880,1.597705602645874,777.874835978053,5.139710198116663,783.3075854745049,759.1919876036075,100.0,4.184163069870482,0.1,0.009206056594848633,0.29296445846557617,0.04748058,0.019330068,777.7174235059044,-0.007524067895107294,7.772059265438227,100.0,9600,1.8704807758331299,6.164522931404536e-05,5.981443741650902e-05,783.3009078628369,100.0
881,1.5837080478668213,777.2036521782243,5.758155336297436,783.295818389692,755.1806678841688,100.0,4.207033978857221,0.1,0.011936664581298828,0.2827584743499756,0.049524676,0.020895693,777.6660463731364,-0.00756672671952984,7.765349939947137,100.0,9600,1.7993090152740479,7.107831414328844e-05,7.98496784531918e-05,783.2946983804416,100.0
882,1.6265814304351807,778.0008409223265,4.888875657232238,783.3099406590452,763.1958272328887,100.0,4.191516641402052,0.1,0.011902332305908203,0.26764822006225586,0.048249878,0.02014001,777.6995258280554,-0.007513761951758018,7.773319571381575,100.0,9600,1.8749909400939941,7.144702230486336e-05,6.54010045765086e-05,783.2982726399276,100.0
883,1.632612705230713,777.3308201863925,5.550361437875082,783.3113588210829,759.1794206885079,100.0,4.103960426207716,0.1,0.012229442596435547,0.2782723903656006,0.046602838,0.02111467,777.6626552638891,-0.007545548540952377,7.766621118125713,100.0,9600,1.7749810218811035,7.026192227808978e-05,6.99222675739225e-05,783.277421863091,100.0
884,1.5786302089691162,778.3754507675403,4.33543124171165,783.304738008098,767.1951045335453,100.0,4.16447177249458,0.1,0.008097410202026367,0.29314708709716797,0.048395265,0.018775819,777.7339348142542,-0.00751720753045685,7.777066125802875,100.0,9600,1.755803108215332,5.680881654012412e-05,5.5030387119184216e-05,783.2739369701341,100.0
885,1.577476978302002,777.5796935782049,4.203385726929971,783.3053214793215,767.1978198819781,100.0,4.320831588723518,0.1,0.010335206985473633,0.3054530620574951,0.049285356,0.020306224,777.7185106906493,-0.007558333461133844,7.769108333205533,100.0,9600,1.63946533203125,5.242011903179079e-05,5.424094607785012e-05,783.2796001774129,100.0
886,1.6049978733062744,777.6633533670669,5.155682352018639,783.301311636033,763.2024392151969,100.0,4.936282344934247,0.1,0.01117563247680664,0.28015875816345215,0.048333466,0.01837029,777.712994958291,-0.0075545106107824875,7.769945489389216,100.0,9600,1.6976652145385742,7.55916516920358e-05,6.69640066805337e-05,783.3065363640111,100.0
887,1.5913705825805664,778.0480674378945,5.9631746517965905,783.333215146186,747.1669451519373,100.0,3.8699114970795065,0.1,0.011716127395629883,0.25759220123291016,0.048771445,0.02266049,777.7465022062513,-0.007459540395575358,7.773790459604425,100.0,9600,1.8484525680541992,7.317212788250547e-05,7.489929024636743e-05,783.305259421596,100.0
888,1.618699073791504,777.6236918212511,5.162699834743618,783.3006589348391,767.1810821211427,100.0,4.877156101463281,0.1,0.009754180908203125,0.2909688949584961,0.048285168,0.016743084,777.7342211677513,-0.007536169207659954,7.769547164125673,100.0,9600,1.7039458751678467,7.654046112024379e-05,7.368886960963096e-05,783.3007660021182,100.0
889,1.6069450378417969,776.8321975093328,5.504890636973358,783.2932200606815,763.1898650100071,100.0,5.011028488233029,0.1,0.00919485092163086,0.2777099609375,0.04945877,0.018374871,777.6440188019095,-0.007533649316164554,7.761633017350502,100.0,9600,1.9230949878692627,7.63169884576908e-05,7.603829982583286e-05,783.291192716496,100.0
890,1.6384458541870117,777.501069229305,5.428388476827336,783.3260459400607,759.1967983267836,100.0,4.039200186613357,0.1,0.00921940803527832,0.3197824954986572,0.048720196,0.022580259,777.6297238446491,-0.007510984372760279,7.768322348960574,100.0,9600,1.8788166046142578,7.040611558597255e-05,7.491785852733791e-05,783.2966879073141,100.0
891,1.7502374649047852,776.2494637492149,5.173222883314223,783.2997985471605,763.2100111112982,100.0,4.495323190153964,0.1,0.009226322174072266,0.26610565185546875,0.050174743,0.020499934,777.4916978351057,-0.007529465520127697,7.755803867813206,100.0,9600,1.7676942348480225,8.170622815304006e-05,8.07887467996755e-05,783.2836553168884,100.0
892,1.5997822284698486,777.835437090131,5.641032555035511,783.3186811961286,759.2260180614887,100.0,3.942312764879267,0.1,0.011080741882324219,0.26830291748046875,0.049008857,0.023297835,777.5260717606083,-0.0075003176530873475,7.771666349013579,100.0,9600,1.7084789276123047,9.336430543044375e-05,8.744102783830308e-05,783.2671507756526,100.0
893,1.5872061252593994,777.3792979768141,5.670483981245352,783.313388648312,751.2148854382981,100.0,3.9022666308257734,0.1,0.009358644485473633,0.26389122009277344,0.04406618,0.018240951,777.5113943822289,-0.0074802097753100755,7.767103123558023,100.0,9600,1.6136937141418457,8.097938273863934e-05,8.553150907469801e-05,783.2826970623436,100.0
894,1.5856363773345947,777.5830765041846,4.96703783365642,783.3038628978369,763.1827587818838,100.0,4.339635345890871,0.1,0.011929750442504883,0.2948012351989746,0.04677873,0.018037036,777.5185625944246,-0.007525594452449959,7.769141072214218,100.0,9600,1.717665433883667,7.352103118114399e-05,7.298361776035707e-05,783.3027282208438,100.0
895,1.6216316223144531,776.8784797020645,5.294259069783794,783.2987222193889,759.1820312195416,100.0,3.889930812463977,0.1,0.009024381637573242,0.30560803413391113,0.049453434,0.022071548,777.4545543051886,-0.007487195972712773,7.762096137360621,100.0,9600,1.9246444702148438,8.692730358671115e-05,8.340002897508651e-05,783.2885077403256,100.0
896,1.5766606330871582,778.3386625221133,4.929761080452858,783.3224303095983,755.1829592852981,100.0,4.520812274122377,0.1,0.009993791580200195,0.30063509941101074,0.049082484,0.020509146,777.5429651268811,-0.007469096388687194,7.776697570277979,100.0,9600,2.021318197250366,7.883186295499669e-05,6.894618410977452e-05,783.2557249684119,100.0
897,1.6861178874969482,776.4962619582766,5.998124259979043,783.2979759157752,751.1823752423132,100.0,4.717382059867869,0.1,0.009192943572998047,0.2993490695953369,0.049093466,0.019477036,777.4382948100206,-0.007560592607554875,7.758272740725779,100.0,9600,1.7307970523834229,8.882073931590286e-05,8.127631676062198e-05,783.2755618979662,100.0
898,1.7411479949951172,776.5458284033597,6.762439124287596,783.3095114016273,739.1636224433178,100.0,4.278203817272359,0.1,0.009428739547729492,0.27083826065063477,0.047041506,0.019085303,777.3490481693544,-0.007480461644146387,7.758769538355853,100.0,9600,1.8006787300109863,0.00010340343050107894,0.00010552648505410079,783.2960286530733,100.0
899,1.706444263458252,776.9999442684524,5.640631778819191,783.3127538990127,759.1899872415263,100.0,3.8516540801043258,0.1,0.009969234466552734,0.296724796295166,0.04731969,0.02157363,777.3141377792642,-0.007523933579383641,7.76330939975395,100.0,9600,1.626713752746582,7.660301584908615e-05,7.86902513359405e-05,779.26135364479,100.0
900,1.6028740406036377,777.2936201723147,5.428024211138773,783.2971532021581,755.1993676730493,100.0,4.39419953992917,0.1,0.009209394454956055,0.2856471538543701,0.046919994,0.01833469,777.3120860185693,-0.007503527258249942,7.7662464727417495,100.0,9600,1.783601999282837,7.353005832370404e-05,7.45333733263846e-05,783.2373232506267,100.0
901,1.684070110321045,777.6303355210888,5.9512592878262165,783.3160588314679,755.1724251916942,100.0,3.8352894241695097,0.1,0.008732795715332031,0.2848548889160156,0.04745355,0.021658687,777.3439109688213,-0.0074697760721626,7.76961355726117,100.0,9600,1.7992618083953857,8.902967582059086e-05,8.655876021600554e-05,783.2636238303769,100.0
902,1.6234517097473145,776.831343761612,5.624515409521285,783.3041703148567,755.1895284130994,100.0,4.303823256982678,0.1,0.009479761123657227,0.301677942276001,0.0484085,0.019861922,777.2926542481005,-0.0075417229962613935,7.761624943670405,100.0,9600,1.561267375946045,8.141727219359198e-05,8.16180396330593e-05,783.3166894458469,100.0
903,1.6227021217346191,775.4942054112967,6.868969399493576,783.3031048515288,759.1909281012327,100.0,4.581823167099695,0.1,0.011780023574829102,0.29738378524780273,0.049749028,0.020395564,777.1128093644202,-0.007579370659328181,7.748670629340673,100.0,9600,1.7906208038330078,0.00010733567254453298,0.0001053953447865623,775.2510978001694,100.0
904,1.5879042148590088,777.0443219552859,5.267464546089892,783.3006750869271,759.1910488591616,100.0,3.525522384834675,0.1,0.011890411376953125,0.2915987968444824,0.04904,0.031088445,777.1059606235068,-0.007495284437588976,7.764171382229077,100.0,9600,2.1591765880584717,7.491269664911736e-05,7.359590145248098e-05,779.2767740363726,100.0
905,1.7231225967407227,777.2499429173685,4.557778736763988,783.2970440220028,767.1777348009988,100.0,3.631003490213321,0.1,0.009717464447021484,0.29606127738952637,0.049184125,0.023052763,777.120358852893,-0.007522730222686417,7.765810603110647,100.0,9600,1.8091211318969727,6.885974207296036e-05,7.230062991029222e-05,783.305497382499,100.0
906,1.622605800628662,777.001048721147,5.812688770635897,783.320297398913,747.2048443621411,100.0,4.372087754349533,0.1,0.011232376098632812,0.29010438919067383,0.047244452,0.017211385,777.1084278397184,-0.007512681759017657,7.763320651574316,100.0,9600,1.6175076961517334,9.313218288456642e-05,8.744219906771172e-05,783.2936533092652,100.0
907,1.5899760723114014,777.5859640008225,4.8337365708230005,783.3173794229267,763.234233708571,100.0,3.6328740120986,0.1,0.014366626739501953,0.29421019554138184,0.046658713,0.020826122,777.1561814558289,-0.007495976551132951,7.769587356782201,100.0,9600,1.5850036144256592,6.197315573827664e-05,5.90348609293998e-05,783.2725352557993,100.0
908,1.5811223983764648,778.1716213026957,4.925539036501404,783.3251399681208,763.2227132516754,100.0,3.856518037716613,0.1,0.006949663162231445,0.21964716911315918,0.048294306,0.022699414,777.2577254405156,-0.007472306970589475,7.775027693029411,100.0,9600,1.7355303764343262,6.607025543766915e-05,6.559899652378696e-05,783.3075669324768,100.0
909,1.6112267971038818,776.0838580946369,6.283668813356129,783.3030878437178,755.179887353975,100.0,3.7936570297750802,0.1,0.00946497917175293,0.30713963508605957,0.04663446,0.019846234,777.1403387059278,-0.007518174891846949,7.754148491774821,100.0,9600,1.910081148147583,9.830843874195335e-05,9.673854883813704e-05,783.2991211062686,100.0
910,1.6007859706878662,777.2137486933885,5.368172244542697,783.3084999444181,763.1879242238155,100.0,3.9945731534539592,0.1,0.010686397552490234,0.2966320514678955,0.049406897,0.025840383,777.1476797046739,-0.007468336996086239,7.765448329670581,100.0,9600,1.605811357498169,8.651392540257533e-05,7.738257772394172e-05,783.2723626651907,100.0
911,1.6510076522827148,777.9251470068297,5.164259532137161,783.3053183378016,763.2064670702782,100.0,4.329973931940821,0.1,0.009400129318237305,0.30561304092407227,0.045145288,0.019237123,777.2254264348895,-0.007438531004618003,7.772561468995382,100.0,9600,1.770003318786621,6.718568693204921e-05,6.276363269076352e-05,783.3084083370306,100.0
912,1.6112847328186035,777.1297585452911,5.17403190806335,783.3088818336961,763.2165100818036,100.0,4.47776353007252,0.1,0.007386922836303711,0.3089253902435303,0.049134195,0.020455567,777.2158596459296,-0.007475590087578496,7.7646077432457545,100.0,9600,1.6652750968933105,7.625760749629624e-05,8.153932110666153e-05,783.3067897531711,100.0
913,1.691100835800171,777.504612463929,5.9252526805378976,783.3150233780955,759.2413727667549,100.0,3.6145020601017817,0.1,0.009981155395507812,0.3020212650299072,0.04791002,0.022685302,777.2447349277296,-0.007476213280476439,7.768357120052857,100.0,9600,1.830352544784546,9.065660382814698e-05,8.837782120804502e-05,783.2945547606622,100.0
914,1.6807935237884521,777.5456295922919,5.2015224803977045,783.3159079281779,763.2071264005114,100.0,4.4241980643842,0.1,0.009810209274291992,0.2867438793182373,0.049608175,0.020058267,777.2748243941858,-0.007482605686437498,7.768767394313563,100.0,9600,1.9388368129730225,7.440010070847218e-05,7.300701212425147e-05,783.2958194168142,100.0
915,1.6034777164459229,776.6265194154112,5.724160206179064,783.3165877212857,759.2129188728311,100.0,4.0491719502935775,0.1,0.00794529914855957,0.30629515647888184,0.04822939,0.021174196,777.2099938963083,-0.007506971486792167,7.759576361846541,100.0,9600,1.6593804359436035,9.282362063673051e-05,9.60576179838157e-05,783.3195311199797,100.0
916,1.6367933750152588,777.589861648181,5.167028984825254,783.3223065861749,755.1910513454808,100.0,4.42812832422586,0.1,0.009171247482299805,0.29578423500061035,0.044111658,0.01648506,777.2479806714956,-0.007455992729441127,7.7696273406038925,100.0,9600,1.7632355690002441,8.52805355947843e-05,7.21854949129855e-05,783.2952446123625,100.0
917,1.603675127029419,777.8375646926326,4.981913777728202,783.3173122789225,767.2097360814428,100.0,4.412486982027233,0.1,0.010703086853027344,0.2926907539367676,0.048133906,0.018303094,777.3069390736093,-0.007479611876106125,7.771687054790561,100.0,9600,1.868488073348999,7.31776259032228e-05,6.728838700376181e-05,783.2902572017765,100.0
918,1.6031248569488525,777.8389938434021,5.016539264469016,783.3126915869266,763.1683765713431,100.0,3.7004802255008156,0.1,0.009359598159790039,0.2878742218017578,0.048593275,0.023790164,777.3601445505886,-0.007466517621810126,7.7717001490448565,100.0,9600,1.468078851699829,6.730854760009167e-05,6.631816857747988e-05,783.2784247210435,100.0
919,1.60748291015625,777.4681013803262,4.9729611467842485,783.2939037309155,759.2011669075401,100.0,3.613440874044234,0.1,0.010228395462036133,0.27346253395080566,0.04895577,0.024614526,777.3709402335625,-0.007425586081420403,7.767991080585246,100.0,9600,1.8094875812530518,6.463910525410792e-05,6.252746507660797e-05,783.2555839266918,100.0
920,1.692493200302124,777.7999207475899,5.405811004492195,783.3484070907359,763.1871124066217,100.0,3.714137507670843,0.1,0.009385824203491211,0.30347204208374023,0.048736673,0.024104804,777.4138382849652,-0.00743977883124792,7.7713102211687515,100.0,9600,1.8436059951782227,6.980606714845231e-05,6.882121666260501e-05,779.2994536772637,100.0
921,1.5582284927368164,778.0461217948083,5.178543812754293,783.3198671888381,763.1981018278655,100.0,3.781138065344969,0.1,0.009374856948852539,0.2951674461364746,0.049185198,0.024183417,777.4770666359495,-0.007477889436428319,7.773772110563573,100.0,9600,1.8699440956115723,6.812262604641825e-05,6.903058569671648e-05,775.2375313997819,100.0
922,1.5974209308624268,778.5050396695773,5.024012078993782,783.3278074626324,763.2101193637392,100.0,4.2551629750855495,0.1,0.009503841400146484,0.28253793716430664,0.04962825,0.022419618,777.5798639393123,-0.007470929043911386,7.778362404289422,100.0,9600,1.8406407833099365,6.203769396219868e-05,6.421497312264006e-05,783.3232780804628,100.0
923,1.5969784259796143,777.715217698681,5.0963308710695,783.3111207555851,755.1526761157496,100.0,4.1853501300416935,0.1,0.011884927749633789,0.2855532169342041,0.04831996,0.018246666,777.5933993152491,-0.007453678126480498,7.770462988540186,100.0,9600,1.7861127853393555,8.021969938825511e-05,6.963437913025817e-05,783.3040049464793,100.0
924,1.580712080001831,778.0912987038449,4.909213513833853,783.3013143116773,759.2007131074037,100.0,4.051843945654742,0.1,0.010218381881713867,0.29655981063842773,0.047019757,0.020582289,777.6431892541087,-0.00744255943188283,7.774224107234784,100.0,9600,1.8128118515014648,6.364151984305258e-05,6.507141990869562e-05,783.3034515798292,100.0
925,1.593632698059082,777.8383724858081,5.013174728679904,783.3059383491546,759.1561073071625,100.0,4.019919387331134,0.1,0.009222984313964844,0.2868490219116211,0.046788745,0.020556182,777.6627075772788,-0.007471895689770645,7.771694770976896,100.0,9600,1.8996846675872803,6.033912133362965e-05,6.0703277688144924e-05,783.3221398079913,100.0
926,1.5756239891052246,777.5448497763928,5.073008503597178,783.3062043059457,759.2166432331595,100.0,3.7638899686209046,0.1,0.009661674499511719,0.3106839656829834,0.047748078,0.022245865,777.6509217971902,-0.00749073037419772,7.768759269625801,100.0,9600,1.8068552017211914,6.287262138661004e-05,6.188330655027742e-05,783.2971023510322,100.0
927,1.6351299285888672,778.1725003376824,4.965439561885903,783.3052506933157,763.2070074228927,100.0,3.8129553390671593,0.1,0.009336233139038086,0.29131412506103516,0.04750502,0.023298545,777.7030796512395,-0.007465029242266867,7.775034970757733,100.0,9600,1.7969639301300049,5.7971029899723666e-05,5.853715048079607e-05,783.3001055444907,100.0
928,1.7655608654022217,778.3815016774162,4.920474557524266,783.326425469708,759.206252830507,100.0,3.949297801817417,0.1,0.011907339096069336,0.3016066551208496,0.04884595,0.021836959,777.7709218538571,-0.00745619499340595,7.777127138339928,100.0,9600,1.8480253219604492,5.651125781453367e-05,5.565060511051396e-05,783.299051074565,100.0
929,1.6250886917114258,777.1754943054839,5.5873601847504215,783.3377861003677,759.1633127733912,100.0,3.8632858216260217,0.1,0.00901937484741211,0.2914566993713379,0.04798775,0.02155607,777.7113790990198,-0.007433672217658174,7.765482994449009,100.0,9600,1.6581289768218994,7.547380458180873e-05,7.38266417226305e-05,783.2945528897462,100.0
930,1.5569958686828613,777.6724422450801,5.353869226360536,783.3099717433643,759.1908247324885,100.0,4.040396595407967,0.1,0.009484291076660156,0.3143436908721924,0.047412977,0.021945566,777.7074854136258,-0.007464164125626516,7.770035835874374,100.0,9600,1.7024424076080322,6.792455870349541e-05,6.901101848817767e-05,783.2735904049861,100.0
931,1.589128017425537,778.1716019473669,4.6513209989059,783.3171437214947,763.2189859723024,100.0,3.8729360936103348,0.1,0.010196447372436523,0.3058202266693115,0.045650546,0.020334616,777.753897067,-0.007472954349572371,7.775027045650428,100.0,9600,1.7001423835754395,5.150833229579116e-05,5.368947374165047e-05,783.2640642080154,100.0
932,1.6495018005371094,777.6255865019426,5.321593750488784,783.312727763775,759.2459999881066,100.0,5.039239917276583,0.1,0.009178400039672852,0.2595489025115967,0.049809474,0.01860642,777.7410660104943,-0.007516936260758097,7.769566397072576,100.0,9600,1.727501630783081,6.751012883507448e-05,6.469332616068003e-05,783.303144128097,100.0
933,1.6018891334533691,777.9181575532248,5.4173558669779736,783.3021026193717,763.2094101537857,100.0,3.7776705810925244,0.1,0.008737802505493164,0.2599632740020752,0.046328187,0.01931241,777.7587751647673,-0.0075071461595780375,7.772492853840422,100.0,9600,1.8869428634643555,7.874777727213919e-05,8.711279780774234e-05,783.2671326532381,100.0
934,1.5762863159179688,777.8746832145495,4.731010312029082,783.2986488088002,763.2560363350788,100.0,3.9325256789696703,0.1,0.008327245712280273,0.28398799896240234,0.048811466,0.019550843,777.7703659697455,-0.007525946842568476,7.772057386490765,100.0,9600,1.7025575637817383,7.262775489632824e-05,6.369760588630682e-05,783.27309743443,100.0
935,1.6174662113189697,778.5049210960957,5.285268438245418,783.3119390962463,759.2130012067529,100.0,4.778981148078085,0.1,0.011458873748779297,0.3179280757904053,0.048927836,0.018445937,777.8438214823806,-0.0074728324691508375,7.778360500864181,100.0,9600,1.4987578392028809,6.520168531673694e-05,6.369064902637658e-05,783.3016520217233,100.0
936,1.7900843620300293,777.5884048778111,5.067749038346778,783.3012867826557,759.2228270235826,100.0,3.447153686931899,0.1,0.009346723556518555,0.29185032844543457,0.047891438,0.022928685,777.8182798219236,-0.007471873209535876,7.769194793457131,100.0,9600,1.8314282894134521,6.839874782506906e-05,6.761991391516337e-05,783.3110799515609,100.0
937,1.588982343673706,777.416744268574,5.074749049637774,783.3065103438126,763.2176198652119,100.0,3.558760377760101,0.1,0.009349584579467773,0.2897038459777832,0.04834616,0.024872005,777.7781262665887,-0.007522327193802083,7.767477672806197,100.0,9600,1.582871437072754,5.761564124388259e-05,5.741308383255819e-05,783.3001341692122,100.0
938,1.580949068069458,777.8311551950168,4.667761257560161,783.3221106468682,759.2099366420026,100.0,4.061242356456375,0.1,0.009189605712890625,0.28444838523864746,0.048321232,0.018311296,777.7834291594315,-0.007546032845487164,7.771620633821179,100.0,9600,1.7107038497924805,5.7169822950797386e-05,5.8186956532676066e-05,783.2705319005754,100.0
939,1.6306428909301758,777.4992467896099,6.115471155870467,783.3103343610803,751.2145998449331,100.0,3.6643775062713964,0.1,0.011218547821044922,0.2899038791656494,0.04600102,0.015522842,777.7550109224494,-0.007529794135666877,7.768303539197667,100.0,9600,1.7350740432739258,8.119441060747144e-05,8.318678915567421e-05,783.2758445388711,100.0
940,1.6037161350250244,778.0008625632669,5.153164380340882,783.3036172259158,759.2091948315538,100.0,4.070981815986271,0.1,0.00941014289855957,0.2781851291656494,0.04941412,0.022702746,777.7795960865312,-0.007513536236043501,7.773736463763957,100.0,9600,1.7956233024597168,6.6657489495356e-05,6.511788476478556e-05,783.3028787843222,100.0
941,1.634218454360962,777.166313373451,5.214382603168196,783.3402509442438,763.179212698725,100.0,4.358057591578676,0.1,0.013502836227416992,0.28293442726135254,0.04756544,0.016593827,777.7182678152233,-0.0075263217125550305,7.764973678287444,100.0,9600,1.775848388671875,8.403831203754711e-05,8.14272125589277e-05,783.2747346937226,100.0
942,1.6066334247589111,777.8761309022042,6.6957060855009605,783.301200244923,743.1579935166745,100.0,4.213630847660715,0.1,0.009163618087768555,0.27951526641845703,0.04871087,0.02011988,777.7340541239214,-0.007511940672402531,7.772071392660931,100.0,9600,1.4742228984832764,8.921911984429174e-05,9.138010566578767e-05,783.3026820710621,100.0
943,1.5754518508911133,777.2917425417637,6.016449425593487,783.2960669194176,759.1505245320544,100.0,3.342651409150079,0.1,0.010036945343017578,0.302044153213501,0.049080167,0.026343709,777.6898229657056,-0.007522064952673868,7.766227935047326,100.0,9600,1.6792352199554443,8.786900830446508e-05,8.077858757864933e-05,783.2974803523697,100.0
944,1.7745068073272705,777.4986913752082,4.874986228399823,783.3168854458654,759.2001478089229,100.0,4.010964158696932,0.1,0.011231660842895508,0.2910349369049072,0.045713793,0.018273205,777.6707098066559,-0.007535481660564475,7.768297851672769,100.0,9600,1.661609172821045,6.71203248936167e-05,6.727607950796805e-05,783.2728757603547,100.0
945,1.5759525299072266,778.4157233388033,4.403363056776701,783.3043901068799,767.2302736257673,100.0,4.336570853445701,0.1,0.015449762344360352,0.3120303153991699,0.047856506,0.019559626,777.7452111598706,-0.007530830123668698,7.777469169876331,100.0,9600,1.7653563022613525,5.06513415872988e-05,5.103744840439014e-05,783.2804244831098,100.0
946,1.6018831729888916,777.7506871471636,4.75173785290686,783.328854410931,763.1827035180302,100.0,3.4714073217301507,0.1,0.010434865951538086,0.2749330997467041,0.044790212,0.021073679,777.7457587585999,-0.007514408445517601,7.771235591554482,100.0,9600,1.6542270183563232,6.552924110170429e-05,6.26948826220425e-05,783.2855351233833,100.0
947,1.5804314613342285,777.8314539532421,4.629414970349803,783.304564498942,763.2276147831981,100.0,3.5202811886274987,0.1,0.009470939636230469,0.2921280860900879,0.047946114,0.022147551,777.7543282780641,-0.0075409711823719,7.7716256954842935,100.0,9600,1.561392068862915,6.063791340926155e-05,5.515981493998125e-05,783.2964714794284,100.0
948,1.5766255855560303,778.2890886114277,5.105480417192724,783.3204425037475,763.1956586516922,100.0,3.947985332867267,0.1,0.009163856506347656,0.27405619621276855,0.04861997,0.019212725,777.8078043114004,-0.007548255055064436,7.776201744944935,100.0,9600,1.9228389263153076,6.032724971942766e-05,5.998027966715158e-05,783.2481173245051,100.0
949,1.6111149787902832,777.1661639092927,5.30613478489198,783.3099397157685,763.213161911338,100.0,4.079837608477323,0.1,0.009214639663696289,0.2699007987976074,0.046492163,0.021496417,777.7436402711897,-0.007528132465071117,7.764971867534929,100.0,9600,1.6321005821228027,7.266721409022912e-05,7.247486619412448e-05,783.2726462458824,100.0
950,1.6003339290618896,778.3306929417786,4.154383343080999,783.3034873330581,767.1985860703393,100.0,4.254730182517947,0.1,0.009201288223266602,0.27970457077026367,0.049071215,0.02325376,777.8023455382487,-0.00754906774995773,7.776617598916709,100.0,9600,1.6062209606170654,4.910296951110379e-05,4.9235384006034096e-05,779.312252930571,100.0
951,1.6737182140350342,777.9593187067481,4.720802996419266,783.3049560047533,759.2192614412018,100.0,3.781633444608524,0.1,0.009529352188110352,0.2759549617767334,0.049110617,0.025328994,777.8180428550987,-0.007513134251350142,7.772903532415316,100.0,9600,1.7446861267089844,6.742533282939324e-05,6.518845028280391e-05,783.2487643840581,100.0
952,1.5985651016235352,778.2113016665917,5.285142382195808,783.316954356246,759.210081361523,100.0,4.460769672274186,0.1,0.009275436401367188,0.3002796173095703,0.04874001,0.017761443,777.857368736248,-0.007491820719970618,7.775424845946698,100.0,9600,1.828589916229248,7.165796472705208e-05,6.810217718052564e-05,783.2781570394477,100.0
953,1.591808557510376,778.2903313770521,4.655747728770031,783.3093650097981,763.2402227045825,100.0,3.9758248812817953,0.1,0.012855768203735352,0.31743621826171875,0.049959727,0.022825032,777.9006650003284,-0.007537256374870914,7.77621274362513,100.0,9600,1.7653849124908447,5.496710337430172e-05,5.452276175247266e-05,783.2975858715895,100.0
954,1.5942187309265137,778.1198433654239,4.905192743710998,783.304221670534,763.1799581734774,100.0,4.4988957639417055,0.1,0.009340763092041016,0.29458117485046387,0.04757923,0.018050907,777.922582836838,-0.007574162108943368,7.77450917122439,100.0,9600,1.63401198387146,6.12007872476104e-05,6.601182038829692e-05,783.2843629736184,100.0
955,1.6321828365325928,778.7560345238738,4.713756093039986,783.3268262827708,759.2003157907367,100.0,4.531264733744206,0.1,0.011831521987915039,0.28668951988220215,0.048471402,0.018807337,778.0059280055417,-0.007462078993534692,7.7808712543397975,100.0,9600,1.6558985710144043,5.876813961296824e-05,5.505857844762001e-05,783.2691528276714,100.0
956,1.6068239212036133,777.7961839557414,4.6718522179586355,783.3099976286172,767.195231406936,100.0,3.7486347776939897,0.1,0.009302854537963867,0.30013322830200195,0.04884487,0.026952073,777.9849536005618,-0.007476909604640147,7.771273090395361,100.0,9600,1.6134307384490967,5.5508624491802696e-05,5.61265316525736e-05,783.3054506684804,100.0
957,1.5950100421905518,777.167152889932,5.047745502271458,783.3040680729986,763.2033433641063,100.0,4.075771641411734,0.1,0.00928640365600586,0.31270480155944824,0.04837158,0.020510374,777.9031735294989,-0.007516702533211929,7.764983297466788,100.0,9600,1.8174748420715332,7.325765409407492e-05,7.175727961786174e-05,783.2568350645712,100.0
958,1.625840425491333,776.9611631341804,5.865610303265849,783.3079660281445,755.1988856529725,100.0,4.0497422973500905,0.1,0.010056018829345703,0.2815396785736084,0.049309332,0.023261914,777.8089724899671,-0.007494820727952658,7.762921845938713,100.0,9600,1.6333835124969482,9.121702861045808e-05,8.494908883330585e-05,783.307357719724,100.0
959,1.7309865951538086,778.4175014632077,5.205839796012645,783.3167047638327,759.2226319136046,100.0,4.612977383278657,0.1,0.009613037109375,0.28608131408691406,0.046297163,0.016902257,777.8698253872913,-0.0075134070601230694,7.777486592939876,100.0,9600,1.895256757736206,7.268648172052449e-05,7.117051600513608e-05,783.2950128497719,100.0
960,1.5939745903015137,777.8760595368194,4.872354139589102,783.3099573183089,763.1941768174479,100.0,4.616661242329271,0.1,0.009943485260009766,0.28882718086242676,0.04772861,0.018505087,777.870448802244,-0.0075112644512892275,7.772072068882044,100.0,9600,1.8702991008758545,7.28704921222546e-05,7.329427916118876e-05,779.2676434429851,100.0
961,1.5819811820983887,778.0849837186728,4.910953256972094,783.3201729463076,763.1810403154577,100.0,3.451909999523142,0.1,0.011140584945678711,0.16020822525024414,0.047902726,0.021654308,777.8919022938869,-0.007506209591846434,7.774160457074821,100.0,9600,1.6937954425811768,6.847672366869977e-05,6.374386578035448e-05,783.2815455027617,100.0
962,1.6016006469726562,777.7035605370629,5.1540571052422415,783.3132588940678,763.1707203505463,100.0,3.431915273789345,0.1,0.008696317672729492,0.27794361114501953,0.049422335,0.029020736,777.8730681182046,-0.007569620623513605,7.770347046043153,100.0,9600,1.5320067405700684,7.29087266257902e-05,7.223367429637026e-05,783.232249114259,100.0
963,1.5832700729370117,778.7086453747852,4.396524182563397,783.3072558593457,767.1964405747366,100.0,3.635971756414255,0.1,0.009387016296386719,0.27854156494140625,0.050036833,0.023774218,777.9566258438626,-0.007519392643411729,7.780397274023255,100.0,9600,1.659088134765625,5.239905551774924e-05,5.107183715756089e-05,783.262609502227,100.0
964,1.5856237411499023,777.4946873364825,6.12045375233439,783.3008310701705,759.1813676294829,100.0,4.369209979104344,0.1,0.010516881942749023,0.29311609268188477,0.048720174,0.020118538,777.9104319931246,-0.007575183480185203,7.768258149853149,100.0,9600,1.5551073551177979,9.880439233557693e-05,9.412477088656224e-05,783.2985256699812,100.0
965,1.5732173919677734,778.0413267782056,4.486613796753439,783.2960116962164,759.2254370377602,100.0,4.036404578849346,0.1,0.009272336959838867,0.28165435791015625,0.047261056,0.017763603,777.9235214716327,-0.0075251735524341805,7.773724826447566,100.0,9600,1.775899887084961,6.340845027306918e-05,5.574688453908132e-05,783.2735892901711,100.0
966,1.7157721519470215,777.8719596447801,5.068843297335844,783.3053168412541,759.1989004343552,100.0,4.606346572217428,0.1,0.009247303009033203,0.28655576705932617,0.04974574,0.019555302,777.9183652889475,-0.007552978889082852,7.772447021110918,100.0,9600,1.6980750560760498,6.805454586464282e-05,6.830863820488038e-05,783.3029096925476,100.0
967,1.7270100116729736,777.2832400060603,6.072256408267512,783.2993003899095,751.1413044405456,100.0,3.9698491062226546,0.1,0.007665157318115234,0.2965831756591797,0.049533963,0.020991296,777.8548527606588,-0.007606924833596036,7.7665597418330705,100.0,9600,1.685870885848999,8.020367391915182e-05,7.920421175927656e-05,783.3028643609624,100.0
968,1.5925037860870361,776.6598666811452,6.548993549671893,783.3019899287441,751.1164772530326,100.0,3.503863546002179,0.1,0.009278535842895508,0.2958521842956543,0.047293328,0.018933114,777.7353541527075,-0.007590001913571822,7.759909998086428,100.0,9600,2.0432369709014893,9.137353320683544e-05,9.72899512565539e-05,783.2836894959828,100.0
969,1.6195025444030762,778.3716055151222,4.709921067360491,783.3038942299713,763.2156089166432,100.0,4.1013390609388365,0.1,0.009897708892822266,0.28525519371032715,0.04566357,0.018073674,777.7989792889489,-0.0075560973326213475,7.777027236000713,100.0,9600,1.7815520763397217,6.979516535510532e-05,6.199621914556252e-05,783.256298339074,100.0
970,1.5823583602905273,778.5393197921406,4.5192363613642845,783.2928323286741,763.2094421428092,100.0,4.448524054209205,0.1,0.009494304656982422,0.3104085922241211,0.047688648,0.02057651,777.873013339268,-0.007547072942320582,7.7787029270576795,100.0,9600,1.950164556503296,5.6294642906965586e-05,5.558718509844493e-05,783.2719631525266,100.0
971,1.618551254272461,777.4516581187526,4.945718781529817,783.3168701443109,763.1936142172422,100.0,3.769836347004376,0.1,0.009227991104125977,0.29804444313049316,0.0478304,0.022864284,777.8308778172166,-0.007589340464348341,7.767827326202318,100.0,9600,1.6718406677246094,6.83058328280656e-05,6.633343058388046e-05,783.2828192586534,100.0
972,1.5878753662109375,778.6641679516873,4.979508288615494,783.3037495412093,763.1843553720217,100.0,4.788031250973702,0.1,0.009434700012207031,0.28760623931884766,0.04909475,0.02048864,777.9142068306637,-0.007546673751337094,7.779953326248663,100.0,9600,1.7256829738616943,5.850692620850991e-05,5.422241984403786e-05,783.2685252865998,100.0
973,1.6131725311279297,777.95537417443,5.289824164907527,783.3019319366006,755.1952822533996,100.0,4.410043472846079,0.1,0.009243011474609375,0.29736971855163574,0.048938528,0.018413877,777.9183235650404,-0.007552538976385012,7.772864127690281,100.0,9600,1.7221176624298096,8.233891859370983e-05,9.07126379309176e-05,783.2677083364126,100.0
974,1.692488431930542,778.2830122784449,4.764391028682993,783.307976067365,759.1841034252385,100.0,4.3780753121184235,0.1,0.008892536163330078,0.29992127418518066,0.04922311,0.019259878,777.9547924363808,-0.007608077396279669,7.7761419226037205,100.0,9600,1.8598246574401855,5.9060123474312725e-05,5.1559538330168825e-05,783.2691389056446,100.0
975,1.5973024368286133,777.6215527629062,5.065302236382476,783.3085158352465,759.1809508512595,100.0,3.705913424014821,0.1,0.011199712753295898,0.28136610984802246,0.0484275,0.02371582,777.9214684690334,-0.007557658102522118,7.769525675230811,100.0,9600,1.651681900024414,6.454098641162248e-05,6.757424081014313e-05,783.2567166691941,100.0
976,1.5618491172790527,778.328303362668,5.321133578653577,783.2986026049094,763.1928177796059,100.0,4.489375618558501,0.1,0.0115966796875,0.2889590263366699,0.048936352,0.020321313,777.9621519583968,-0.00757329853541622,7.776593368131249,100.0,9600,1.864211082458496,7.096689499906885e-05,6.722125211963474e-05,783.2930164228344,100.0
977,1.5783917903900146,777.578372615837,5.10231070990387,783.307404989922,763.2015806845294,100.0,4.482568028527634,0.1,0.010148286819458008,0.29440999031066895,0.04579403,0.017949715,777.9237740241409,-0.007573381916033697,7.769093284750634,100.0,9600,1.7171580791473389,6.648049211783094e-05,7.1251095148414e-05,783.3074999498623,100.0
978,1.5970141887664795,778.5765532539568,5.6033137989335255,783.3014146297289,755.1421793394237,100.0,3.8662872273744098,0.1,0.00927591323852539,0.2601170539855957,0.050017856,0.022637757,777.9890519471226,-0.007588341373275535,7.779494991960057,100.0,9600,2.0580356121063232,9.273714149696268e-05,7.755636479698169e-05,783.2808671319751,100.0
979,1.582597255706787,778.5773981816068,4.074660620954856,783.3000349051548,767.2505681593256,100.0,4.292060862095561,0.1,0.012298345565795898,0.2998631000518799,0.049076002,0.020748515,778.047886570571,-0.007583159268132273,7.779083507398536,100.0,9600,1.7035727500915527,5.137380264926705e-05,4.658425264152759e-05,783.2644238974419,100.0
980,1.6130094528198242,777.9526340567692,5.125722961971769,783.3011530756952,763.1995008467666,100.0,4.0447304503666945,0.1,0.009238958358764648,0.2598695755004883,0.04637808,0.017408896,778.0383613191908,-0.007579743398788023,7.772836923267879,100.0,9600,1.7239298820495605,7.05703390364648e-05,7.380802002769005e-05,783.2786923504068,100.0
981,1.6000163555145264,778.8309104821416,4.231625790678325,783.3110224284832,767.1895606406154,100.0,3.937273807864637,0.1,0.012917518615722656,0.30033063888549805,0.047791597,0.02089422,778.1176162354859,-0.007547195549787449,7.78161947111688,100.0,9600,1.7624099254608154,6.0025290461842175e-05,4.7458001647287645e-05,783.2581520994702,100.0
982,1.6930930614471436,776.4430431329982,5.430820957244485,783.3052206205897,759.1755525428755,100.0,4.690939199162076,0.1,0.010011911392211914,0.297990083694458,0.04682942,0.013782631,777.9501589252371,-0.007675069730209003,7.757741596936458,100.0,9600,1.7585585117340088,8.984665852594225e-05,8.55035989200664e-05,783.3017260917298,100.0
983,1.5976994037628174,777.0378984294811,5.610165276126989,783.28613445417,755.1680811964587,100.0,4.323124818780452,0.1,0.01371622085571289,0.2818562984466553,0.047997024,0.018577093,777.8589328756616,-0.007559573559185827,7.763690426440815,100.0,9600,1.802114725112915,7.868406908329898e-05,7.816569502882499e-05,783.2930612813892,100.0
984,1.565659999847412,778.3734510546033,4.303293885596635,783.3019934552675,763.2041731100418,100.0,3.539647839467881,0.1,0.013279438018798828,0.2840399742126465,0.049291205,0.02583614,777.9103846935558,-0.0075368907746477636,7.777046442558685,100.0,9600,1.7613952159881592,4.9509859261800875e-05,4.583009248406636e-05,783.2847618391771,100.0
985,1.5791571140289307,777.622127470549,5.293417655358049,783.3153248435087,759.1974503700417,100.0,4.7096217340035595,0.1,0.010231971740722656,0.27241063117980957,0.048217036,0.01953291,777.8815589712551,-0.007550782341805264,7.769532550991529,100.0,9600,1.6674251556396484,7.680434309341122e-05,7.520258547998088e-05,783.283151875855,100.0
986,1.6367170810699463,778.1630899376964,5.1304035252270985,783.3128061729523,763.1961963519879,100.0,4.72373473072886,0.1,0.009615659713745117,0.3031041622161865,0.0493826,0.018657139,777.9097120678992,-0.007558059261025383,7.774941940738974,100.0,9600,1.8570501804351807,6.418182975114732e-05,6.096761857778661e-05,783.2783904754311,100.0
987,1.6315646171569824,777.2016551312962,5.178165336417509,783.3077372023104,763.198893011394,100.0,3.8330523676964,0.1,0.015687942504882812,0.3020002841949463,0.043714263,0.01926457,777.838906374239,-0.007589148260799844,7.765327518405868,100.0,9600,1.8551735877990723,7.500465176820903e-05,7.922620396394667e-05,775.2708262289879,100.0
988,1.59088134765625,776.4062366183571,7.3693799948354926,783.3062973606783,743.1561742635663,100.0,3.7932146020037383,0.1,0.013965368270874023,0.30541491508483887,0.049108148,0.02426205,777.6956393986509,-0.007627418504392364,7.757372581495608,100.0,9600,1.7476780414581299,0.0001229446186653459,0.00012231204306914487,783.2880946367377,100.0
989,1.7072231769561768,777.9172657044998,4.615631606542479,783.2995626420221,763.2369875882531,100.0,3.8830156004183163,0.1,0.009336709976196289,0.29709815979003906,0.048166748,0.019533241,777.7178020292358,-0.007517533354258618,7.772482466645741,100.0,9600,1.5848259925842285,5.76043445919946e-05,5.360944220266684e-05,783.2427813571893,100.0
990,1.626305341720581,776.7406831874354,4.989097944024772,783.2946278797831,763.1785786039849,100.0,4.638057595121116,0.1,0.00953054428100586,0.3077418804168701,0.04828163,0.016440816,777.6200901450559,-0.007615798230229773,7.760717535103105,100.0,9600,1.6288161277770996,7.002966207955073e-05,6.927791706641777e-05,783.2893315951101,100.0
991,1.5806553363800049,778.0783396962861,4.838694385783447,783.2985019338498,763.164168410891,100.0,4.178786622775561,0.1,0.00941777229309082,0.3197484016418457,0.04885046,0.019305544,777.665915100179,-0.0075726976562386665,7.774093969010427,100.0,9600,1.737752914428711,6.522815576406737e-05,6.486669386421973e-05,779.2433169656354,100.0
992,1.585453987121582,778.2493047421591,5.1778811092415475,783.3019566061861,759.2121352216279,100.0,3.9220456296301442,0.1,0.009186744689941406,0.30089688301086426,0.048605498,0.022578245,777.724254064377,-0.007528303221460856,7.775805030111873,100.0,9600,1.5480668544769287,6.842544118616133e-05,6.712091206544688e-05,783.2872369641071,100.0
993,1.6093182563781738,777.831851032026,5.428189727414318,783.3049932612458,755.1977368401308,100.0,3.7048125564759773,0.1,0.008649110794067383,0.3033595085144043,0.046553496,0.019824997,777.7350137611419,-0.00753601314094431,7.77204732019239,100.0,9600,1.6495885848999023,6.920196896213685e-05,7.073196404702221e-05,783.2497751990678,100.0
994,1.5798566341400146,777.2839190095307,5.552136049857743,783.3184770916832,759.1925536674706,100.0,3.661700492710747,0.1,0.009482860565185547,0.29690003395080566,0.048713192,0.021790529,777.6899042859808,-0.007599969727940072,7.766150030272061,100.0,9600,1.7920887470245361,8.156848843732633e-05,8.258446236702067e-05,775.2533332513412,100.0
995,1.5682311058044434,777.5689368819109,5.196434672106038,783.2959187354223,759.1983498537555,100.0,4.202401109485859,0.1,0.009273767471313477,0.28697800636291504,0.048519302,0.017307717,777.6778075455738,-0.0076659186085861865,7.7690007480580805,100.0,9600,1.5622260570526123,7.352381853078099e-05,7.217391710077445e-05,779.2907631137774,100.0
996,1.5829246044158936,778.1633992545891,5.287876995180073,783.2943948222604,759.1544451214668,100.0,3.672795575121006,0.1,0.009187698364257812,0.3143630027770996,0.048941124,0.024425369,777.7263667164754,-0.007554086284401192,7.774945913715598,100.0,9600,1.5362544059753418,6.859039315480256e-05,6.632217081976971e-05,783.2673689070313,100.0
997,1.7913572788238525,777.6189133674912,5.415110057363585,783.2934422340549,759.1851748609539,100.0,3.6282623338105604,0.1,0.011921167373657227,0.28911709785461426,0.04909513,0.022069413,777.715621381577,-0.00758343963464218,7.769499893698691,100.0,9600,1.795306921005249,7.958508438334043e-05,0.00010180967336953777,783.2744368137004,100.0
998,1.6035616397857666,778.4146984500106,5.045098977645585,783.2946488846309,763.2163914174431,100.0,3.867907699439569,0.1,0.009490251541137695,0.26285457611083984,0.048920337,0.023761539,777.7855290884203,-0.007542200866889175,7.777457799133113,100.0,9600,1.5362803936004639,0.00010619022210934532,5.879853791536176e-05,783.2733356089847,100.0
999,1.634093999862671,778.4511501711277,5.262762508969818,783.3047536840635,759.1864153550805,100.0,3.3379019493954627,0.1,0.009401321411132812,0.3061645030975342,0.049804762,0.026922114,777.852091196691,-0.007593748401927121,7.778239584931406,100.0,9600,1.595414161682129,6.465176299142152e-05,6.294164045658705e-05,783.2491163648856,100.0
1000,1.5989048480987549,777.6106551970696,5.979677651288149,783.2990856859507,755.1401872840064,100.0,3.9828298381127643,0.1,0.013453245162963867,0.29691243171691895,0.047571965,0.01971719,777.827947596729,-0.007667347547713951,7.769415985785618,100.0,9600,1.6695435047149658,7.458937832447849e-05,7.452790081393693e-05,783.2597799839169,100.0
